0.000000 3.599999
0.016308 3.609303
0.032744 3.618610
0.049128 3.627923
0.065557 3.637244
0.082120 3.646575
0.098509 3.655917
0.114884 3.665273
0.131344 3.674643
0.147671 3.684025
0.164212 3.693420
0.180690 3.702825
0.197050 3.712238
0.213419 3.721655
0.229937 3.731071
0.246327 3.740480
0.262698 3.749876
0.279179 3.759250
0.295629 3.768594
0.312117 3.777899
0.328594 3.787152
0.344979 3.796343
0.361349 3.805460
0.377822 3.814489
0.394152 3.823417
0.410674 3.832228
0.427076 3.840910
0.443453 3.849446
0.459947 3.857822
0.476366 3.866022
0.492844 3.874031
0.509216 3.881836
0.525723 3.889422
0.542071 3.896776
0.558495 3.903887
0.574973 3.910744
0.591344 3.917336
0.607814 3.923656
0.624240 3.929695
0.640638 3.935450
0.657095 3.940914
0.673591 3.946085
0.689989 3.950963
0.706426 3.955546
0.722820 3.959835
0.739218 3.963834
0.755712 3.967544
0.772195 3.970970
0.788490 3.974117
0.805007 3.976989
0.821329 3.979592
0.837798 3.981930
0.854315 3.984008
0.870606 3.985832
0.887173 3.987406
0.903509 3.988734
0.919994 3.989820
0.936441 3.990665
0.952890 3.991274
0.969321 3.991647
0.985601 3.991787
1.001981 3.991694
1.018488 3.991369
1.035045 3.990813
1.051405 3.990024
1.067750 3.989005
1.084274 3.987754
1.100501 3.986272
1.117094 3.984560
1.133553 3.982619
1.149953 3.980451
1.166301 3.978058
1.182824 3.975443
1.199232 3.972610
1.215680 3.969565
1.232008 3.966312
1.248599 3.962859
1.265012 3.959213
1.281341 3.955383
1.297673 3.951379
1.314236 3.947211
1.330636 3.942892
1.347091 3.938433
1.363508 3.933849
1.379922 3.929154
1.396350 3.924363
1.412829 3.919493
1.429206 3.914559
1.445641 3.909580
1.462048 3.904573
1.478421 3.899556
1.494954 3.894548
1.511259 3.889568
1.527843 3.884632
1.544221 3.879760
1.560592 3.874969
1.577079 3.870276
1.593426 3.865695
1.609956 3.861243
1.626403 3.856932
1.642772 3.852775
1.659143 3.848784
1.675584 3.844967
1.692072 3.841333
1.708535 3.837889
1.724997 3.834642
1.741362 3.831594
1.757826 3.828750
1.774246 3.826111
1.790658 3.823678
1.807037 3.821450
1.823457 3.819426
1.839931 3.817604
1.856324 3.815979
1.872756 3.814549
1.889154 3.813307
1.905553 3.812249
1.921999 3.811368
1.938553 3.810656
1.954940 3.810108
1.971448 3.809714
1.987841 3.809467
2.004259 3.809359
2.020555 3.809380
2.036994 3.809523
2.053544 3.809778
2.069926 3.810138
2.086283 3.810592
2.102751 3.811134
2.119185 3.811755
2.135701 3.812447
2.152072 3.813203
2.168469 3.814017
2.184937 3.814881
2.201421 3.815792
2.217719 3.816743
2.234160 3.817733
2.250677 3.818759
2.266985 3.819820
2.283519 3.820917
2.299962 3.822051
2.316367 3.823225
2.332639 3.824443
2.349113 3.825711
2.365634 3.827036
2.382094 3.828424
2.398550 3.829884
2.414872 3.831426
2.431369 3.833060
2.447798 3.834796
2.464154 3.836644
2.480597 3.838617
2.497048 3.840726
2.513513 3.842981
2.529921 3.845395
2.546346 3.847978
2.562777 3.850742
2.579244 3.853696
2.595566 3.856852
2.612081 3.860217
2.628464 3.863802
2.644936 3.867615
2.661338 3.871662
2.677826 3.875951
2.694182 3.880487
2.710668 3.885274
2.727017 3.890316
2.743451 3.895617
2.759907 3.901177
2.776366 3.906997
2.792843 3.913077
2.809200 3.919413
2.825548 3.926004
2.841985 3.932842
2.858516 3.939922
2.874991 3.947235
2.891374 3.954771
2.907832 3.962519
2.924255 3.970465
2.940632 3.978595
2.957053 3.986893
2.973450 3.995342
2.989901 4.003923
3.006426 4.012619
3.022815 4.021408
3.039245 4.030272
3.055677 4.039189
3.072090 4.048138
3.088495 4.057099
3.104888 4.066051
3.121421 4.074974
3.137844 4.083846
3.154073 4.092649
3.170637 4.101363
3.187107 4.109970
3.203389 4.118451
3.220005 4.126791
3.236396 4.134973
3.252694 4.142983
3.269240 4.150806
3.285597 4.158431
3.301984 4.165846
3.318405 4.173040
3.334936 4.180004
3.351348 4.186731
3.367826 4.193214
3.384228 4.199448
3.400689 4.205428
3.417119 4.211153
3.433573 4.216622
3.450006 4.221833
3.466480 4.226789
3.482837 4.231491
3.499226 4.235945
3.515633 4.240154
3.531960 4.244124
3.548538 4.247862
3.564937 4.251376
3.581276 4.254675
3.597725 4.257766
3.614234 4.260661
3.630607 4.263370
3.647134 4.265903
3.663597 4.268272
3.679926 4.270488
3.696371 4.272564
3.712800 4.274511
3.729225 4.276341
3.745649 4.278067
3.762009 4.279699
3.778452 4.281250
3.794940 4.282729
3.811351 4.284149
3.827730 4.285518
3.844306 4.286846
3.860630 4.288142
3.877095 4.289413
3.893555 4.290668
3.909793 4.291913
3.926300 4.293154
3.942756 4.294397
3.959137 4.295646
3.975642 4.296905
3.992091 4.298179
4.008441 4.299471
4.024859 4.300785
4.041363 4.302122
4.057841 4.303485
4.074236 4.304876
4.090669 4.306297
4.107140 4.307751
4.123516 4.309238
4.139985 4.310760
4.156367 4.312318
4.172833 4.313914
4.189259 4.315548
4.205692 4.317223
4.222078 4.318938
4.238586 4.320696
4.254946 4.322497
4.271418 4.324341
4.287785 4.326230
4.304214 4.328165
4.320716 4.330146
4.337095 4.332174
4.353501 4.334251
4.369927 4.336375
4.386391 4.338549
4.402771 4.340772
4.419149 4.343045
4.435565 4.345367
4.452092 4.347738
4.468466 4.350158
4.485002 4.352625
4.501322 4.355138
4.517809 4.357696
4.534271 4.360295
4.550667 4.362934
4.566946 4.365609
4.583530 4.368317
4.599928 4.371054
4.616377 4.373815
4.632785 4.376596
4.649214 4.379393
4.665584 4.382199
4.682062 4.385011
