0.000000 13.502272 57.155560
0.016393 12.627894 46.064914
0.032823 7.183099 24.222926
0.049227 -0.289602 -0.576221
0.065593 -7.341349 -15.785039
0.082058 -7.811141 -5.448311
0.098482 -7.439227 -5.429787
0.114963 -1.968536 -3.087050
0.131263 3.291609 2.160219
0.147726 3.952564 10.003771
0.164303 4.222202 12.266773
0.180667 9.200672 -0.739831
0.197078 13.170414 -16.297172
0.213504 18.896686 -31.994033
0.229985 26.176219 -44.551579
0.246368 29.539868 -49.483655
0.262709 27.477903 -42.438429
0.279172 18.442198 -25.114398
0.295568 5.220356 -5.308878
0.312015 2.759778 1.460601
0.328456 4.187514 1.104993
0.344958 5.616394 2.191254
0.361286 9.906521 -2.314292
0.377794 11.203426 -6.378264
0.394289 8.609199 -6.781354
0.410588 3.328611 -3.294302
0.426987 -1.862373 0.262413
0.443608 -4.086979 1.537030
0.460000 0.044712 0.000000
0.476405 1.022864 0.000000
0.492827 1.240916 0.000000
0.509296 0.874282 0.000000
0.525557 1.250637 0.000000
0.542062 1.583052 0.000000
0.558550 1.029200 0.000000
0.574797 0.305393 0.000000
0.591381 -5.736370 -3.433131
0.607815 -4.313275 -4.749607
0.624226 7.232230 6.100380
0.640592 19.254231 14.633357
0.657158 32.055194 31.477634
0.673534 39.651545 44.530307
0.689973 39.462705 48.296558
0.706365 29.303109 43.161433
0.722837 14.693100 29.296433
0.739250 1.690403 13.834170
0.755711 0.293609 2.913146
0.772088 -1.524084 -1.148235
0.788383 -6.271417 -5.539175
0.804934 -2.843804 1.472877
0.821454 -0.067753 0.936531
0.837808 1.580735 1.073002
0.854300 3.374637 2.018162
0.870737 4.474167 0.896191
0.887043 3.035319 1.095397
0.903562 0.510410 -0.174537
0.919964 -2.579063 0.614827
0.936405 -3.506746 -0.604083
0.952845 -0.003732 -3.132176
0.969257 0.819819 -3.554334
0.985720 1.828182 -1.673799
1.002126 2.743771 0.854144
1.018594 1.475045 3.835378
1.034794 0.616456 6.489892
1.051443 1.156068 5.166777
1.067783 0.560314 2.831433
1.084251 3.911120 1.717832
1.100679 1.172367 -0.607044
1.117042 -9.283822 -3.104325
1.133544 -8.317806 -8.457730
1.149957 -24.123507 -9.357926
1.166393 -47.367286 -6.999957
1.182760 -64.588469 -2.680143
1.199168 -70.388126 0.152339
1.215705 -63.498065 2.347812
1.232153 -45.982152 1.807970
1.248413 -28.224335 -3.299120
1.264959 -6.552021 -6.780252
1.281430 9.597183 -6.807860
1.297829 1.014640 -1.421401
1.314304 0.111401 2.139310
1.330707 1.216613 3.726816
1.347170 1.064923 3.019877
1.363482 1.411059 3.304884
1.379933 1.970584 4.165923
1.396273 2.029848 4.412893
1.412884 2.394862 3.196006
1.429209 4.190531 -1.870009
1.445701 0.240185 -3.420337
1.461964 -4.166802 -3.559307
1.478461 -9.062435 -0.863037
1.494863 -10.279628 3.641794
1.511295 -8.507909 7.459604
1.527848 -4.867201 8.955988
1.544253 -1.039709 5.742988
1.560749 2.748778 1.071862
1.577099 4.410486 -0.401038
1.593498 1.661292 2.481234
1.609909 1.400478 2.424725
1.626428 0.898122 1.688673
1.642793 1.540874 -0.359954
1.659227 1.032143 -2.696021
1.675697 0.539992 -4.853123
1.692049 0.267464 -5.807636
1.708582 0.265778 -3.597537
1.724998 0.096108 -2.015401
1.741338 1.100861 1.701286
1.757787 -0.402911 5.443922
1.774169 -3.436100 8.445129
1.790691 -5.255447 6.992643
1.807100 -6.398408 3.427371
1.823549 -6.370304 -1.223163
1.839968 -5.393969 -4.390740
1.856284 -2.991293 -6.218079
1.872754 0.916470 -4.781805
1.889310 3.087629 -2.328143
1.905660 1.743491 -1.204553
1.922105 1.203278 -0.365795
1.938565 0.379244 -0.744100
1.954938 -0.025348 0.234628
1.971401 0.077507 0.506790
1.987871 0.107536 1.640582
2.004234 0.873341 0.725547
2.020671 1.039525 -1.203923
2.037114 0.191070 -3.924598
2.053536 -0.118387 -2.032001
2.069956 0.432123 1.153388
2.086426 0.383889 3.848947
2.102892 0.882773 4.605351
2.119239 -0.398322 3.155264
2.135616 -0.515952 1.407223
2.152103 -0.305543 -2.597143
2.168602 0.501230 -5.018003
2.184990 0.286339 -4.269395
2.201365 -0.070950 -1.632005
2.217776 -1.262877 1.163711
2.234294 -1.737459 1.405041
2.250627 -0.065277 1.565086
2.267178 2.673980 1.621481
2.283553 5.088017 1.828858
2.299936 3.818867 0.633008
2.316384 0.647951 -2.569307
2.332855 -3.308479 -1.255068
2.349273 -4.719849 2.080533
2.365633 -4.025532 6.391043
2.382099 -1.183644 7.485075
2.398588 0.531798 8.396110
2.414935 0.584802 7.261766
2.431334 -0.761913 4.493297
2.447787 -1.272123 0.501419
2.464297 0.680441 -0.321250
2.480665 2.616925 0.767628
2.497105 3.546768 -0.826868
2.513508 2.209211 -3.805992
2.529978 0.654704 -6.943100
2.546312 -2.276530 -6.079548
2.562828 -4.698437 -3.076850
2.579163 -4.897090 -1.559073
2.595597 -3.365108 -0.284128
2.612067 -1.853676 0.123301
2.628570 0.512571 -1.309389
2.644987 3.013970 0.379903
2.661396 4.673646 2.861434
2.677827 4.479410 5.395745
2.694243 1.293007 6.323883
2.710680 -1.943148 3.684004
2.727059 -3.361060 -0.359710
2.743551 -3.487345 -1.370376
2.759973 -1.614419 -1.161530
2.776447 0.920526 0.492713
2.792653 1.849294 2.650986
2.809244 1.722123 3.112811
2.825648 0.483578 1.964347
2.842145 -0.027068 0.370135
2.858495 -0.171118 -0.611175
2.874989 1.530099 -0.172906
2.891364 2.144410 -0.000000
2.907758 2.682555 -0.000000
2.924243 2.046027 -0.000000
2.940703 0.887351 -0.000000
2.957129 -0.732044 0.045193
2.973594 -2.425404 0.400239
2.989915 -3.520043 0.097644
3.006355 -4.297642 -0.614113
3.022820 -4.001427 -2.053038
3.039215 -3.903266 -3.294392
3.055621 -2.862927 -3.022254
3.072020 -0.712244 -2.456506
3.088542 1.664714 -0.574920
3.104904 4.089539 1.615219
3.121350 5.373406 3.106618
3.137754 5.426320 3.176694
3.154284 3.240764 3.157692
3.170724 0.029472 1.030096
3.187124 -2.987499 -1.079393
3.203572 -4.858507 -3.294278
3.220000 -4.359427 -4.717304
3.236425 -2.665908 -3.511357
3.252822 0.010672 -1.764868
3.269127 2.197203 1.029907
3.285671 2.127800 3.202510
3.302046 0.493297 4.087225
3.318572 -0.804813 2.531086
3.334951 -1.336062 1.399665
3.351302 -0.634189 0.714436
3.367641 1.328212 -0.251878
3.384233 2.984514 -0.526663
3.400571 3.976311 -0.396658
3.417014 2.587708 0.025753
3.433388 0.313649 0.082013
3.449910 -0.727001 0.692693
3.466377 -0.688258 0.227657
3.482779 -0.976628 0.240929
3.499162 -1.730686 0.420379
3.515688 -2.687944 -1.074057
3.532105 -2.976719 -0.731329
3.548479 -2.123405 0.249923
3.564908 -1.833015 -0.599209
3.581316 0.150084 -0.544539
3.597832 1.431287 -0.116977
3.614198 1.586843 -0.994443
3.630495 0.847776 -1.220926
3.647017 0.663863 -1.462314
3.663475 0.641817 -1.182250
3.679900 0.813556 0.725197
3.696434 0.957282 1.730308
3.712797 -0.101227 2.248388
3.729184 -0.016385 2.599646
3.745671 -0.347531 0.321588
3.762179 -0.508419 -2.948647
3.778555 -0.256481 -3.335803
3.794930 0.271863 -1.704448
3.811355 0.311447 -0.175382
3.827876 0.102951 1.394043
3.844170 -0.633996 2.682200
3.860614 -1.111287 2.527840
3.877015 -0.862900 0.792519
3.893411 -1.379653 -0.156989
3.909910 -0.958975 -0.176010
3.926428 -0.943833 0.644115
3.942804 -2.115505 0.740231
3.959247 -1.619780 -0.173336
3.975656 -0.482094 -0.072824
3.992122 -0.189222 -0.198150
4.008527 4.513102 -0.323011
4.024929 5.934741 -0.000000
4.041316 5.486011 0.180645
4.057792 3.747291 0.306975
4.074297 0.285643 0.324673
4.419232 -1.809942 0.179425
4.435594 -1.409999 0.148536
4.452122 -0.600897 15.098693
4.468498 -1.580433 -0.279591
4.485013 -2.062241 -27.596236
4.501330 -6.747848 -53.205947
4.517712 -8.206440 -68.068296
