0.000000 75.396700 28.304096
0.016330 60.984609 19.628899
0.032610 33.576298 8.658308
0.049025 2.345974 -2.049590
0.065721 -14.188166 -4.767298
0.082216 2.679115 6.046389
0.098583 1.625723 6.918654
0.114444 2.926914 4.559827
0.130872 2.722928 1.993214
0.147387 1.236867 0.699012
0.163776 1.127076 0.999104
0.180262 -1.404766 1.340179
0.196709 -1.931690 1.169996
0.213170 -0.958840 -0.229282
0.229666 -1.213465 -0.367824
0.246122 -1.071663 2.841278
0.262484 -0.261348 3.869273
0.279226 -0.658309 3.547968
0.295309 0.641657 1.509591
0.311895 2.273202 -3.209813
0.328461 3.369724 -6.765825
0.345065 4.605548 -8.210835
0.360848 3.006043 -7.227110
0.377903 1.549517 -1.113944
0.394092 1.009819 3.595132
0.410379 -0.585221 4.001941
0.427107 -1.246140 3.361948
0.443577 -0.952312 0.488668
0.459940 -1.432280 -1.923824
0.476458 -1.512203 -1.933712
0.492912 2.995622 -9.573575
0.509377 -1.980220 -0.675773
0.525832 -10.525187 15.287660
0.542136 -20.576193 28.962618
0.755720 -26.292429 35.495148
0.772066 -23.156231 34.340894
0.788629 -13.690984 26.256898
0.805009 -5.605878 14.371052
0.821081 3.487452 -0.146228
0.837875 8.542189 -8.559051
0.854089 1.165322 -2.381692
0.870764 -3.188031 -2.518407
0.886883 -5.704664 -2.017369
0.903617 -5.403771 -0.651675
0.919794 -3.214091 0.983586
0.936479 -0.672525 2.293317
0.952710 -1.054084 2.682429
0.969341 1.878749 1.555833
0.985622 4.270192 1.313724
1.002230 1.747901 -0.952542
1.018444 0.297807 -1.119098
1.034802 0.077855 -1.329049
1.051405 0.412498 -0.298456
1.067647 -0.019573 0.007505
1.084249 -1.605191 -0.204817
1.100617 -6.140065 -0.301419
1.117254 -4.051618 -0.062931
1.133340 0.377920 0.673147
1.149921 3.058028 -0.561121
1.166228 7.623904 -0.113659
1.182889 10.364105 0.378417
1.198839 6.252528 -0.163169
2.102692 1.064244 -3.535417
2.119221 -2.862427 -6.090846
2.135466 -5.260107 -10.444700
2.152144 -1.424603 -9.526609
2.168368 1.071474 -5.270768
2.184977 1.682459 -0.501725
2.201328 1.642723 3.693822
2.217852 -0.533690 5.381748
2.234145 -4.183029 4.078024
2.250744 -2.627755 0.414348
2.267127 0.569490 -1.962276
2.283526 0.982703 -5.352598
2.299948 2.026960 -2.792071
2.316135 1.373663 -2.229526
2.332399 -0.413599 -1.892002
2.348943 -2.416946 -1.229090
2.365656 -3.354449 0.068970
2.381874 -2.209226 2.212831
2.398452 -0.920111 2.956807
2.414839 -1.446835 3.686059
2.431070 -3.387332 2.056101
2.447404 -1.618240 1.684844
2.463896 0.177884 0.586989
2.480308 1.145448 -0.484630
2.496719 1.838805 -1.080424
2.513046 2.830511 -1.734915
2.529580 3.765947 -0.496875
2.546049 2.619949 1.835303
2.562582 2.065006 6.475314
2.579136 -0.188686 4.113142
2.595510 -2.543257 1.827214
2.612106 -4.513433 -0.243156
2.628207 -6.098816 -2.939637
2.644447 -3.604296 -4.411747
2.660939 0.273221 -4.420714
2.677876 3.246094 -2.502056
2.693744 3.995701 0.452590
2.710650 2.619324 1.315760
2.726997 1.571763 -0.809173
2.743274 0.453523 1.376655
2.759835 -0.612646 2.766159
2.776474 -2.943224 0.779365
2.792672 -2.042089 -1.448042
2.809357 -0.633340 -3.080928
2.825587 -1.904686 -4.567743
2.841681 -0.495649 -3.599735
2.857982 2.617395 -1.353323
2.874999 5.443189 -0.607929
2.891450 4.128763 1.492188
2.907682 2.584051 3.250327
2.924359 -0.763268 3.091240
2.940663 -0.647005 3.998274
2.957159 -0.180747 4.687782
2.973265 -1.396085 2.317945
2.990030 0.133908 0.694199
3.006217 -0.482828 -1.393585
3.022802 -1.705286 -3.141046
3.039109 -0.964115 -1.498732
3.055675 0.503123 -0.392882
3.071726 4.134541 0.585629
3.088545 5.392676 0.930692
3.104838 2.549240 0.282830
3.121478 -1.815391 -0.959898
3.137726 -3.902635 -0.637545
3.154252 -5.415072 -1.519736
3.170608 -2.101447 -0.006803
3.187178 0.775827 -0.414113
3.203586 1.969025 -2.908234
3.219669 2.039776 -2.921458
3.236440 -1.672910 -2.330500
3.252647 -5.122336 -2.804917
3.269271 -0.852390 1.588669
3.285594 1.180401 4.032334
3.302076 0.756816 4.227252
3.318544 1.293251 4.311234
3.334842 0.206056 1.938749
3.351415 1.675385 1.901740
3.367320 1.253766 2.648407
3.384280 -0.007051 1.128108
3.400467 0.037724 1.412315
3.417120 0.738167 2.556533
3.433449 -2.715558 -0.611215
3.449743 -1.135434 -1.056337
3.466167 0.932668 -0.586952
3.482544 2.317791 -1.947568
3.499225 3.161282 -4.593291
3.515424 -0.943727 -6.486556
3.531915 -2.887862 -4.845052
3.548252 -2.993765 -0.359744
3.564971 -4.306106 -0.652912
3.581080 -1.390849 2.517444
3.597373 1.975129 6.248998
3.613793 2.531751 6.771854
3.630074 2.792426 4.175273
3.646668 0.737720 1.110722
3.663083 -2.862058 -2.195812
3.679592 -1.570168 -2.112135
3.695992 0.699057 0.154740
3.712656 1.040095 -1.006743
3.728736 3.944601 3.134481
3.745504 4.839180 4.175063
3.761962 1.622289 2.108911
3.778120 -1.982073 -2.243880
3.794863 -4.927499 -5.813490
3.811454 -5.743270 -7.406148
3.827649 -3.634046 -4.629984
3.844324 -0.878660 -2.549333
3.860577 -2.041828 -3.781445
3.877109 0.127185 -0.850024
3.893184 3.612376 2.216939
3.910043 0.266046 1.073540
3.926288 -0.854831 -0.558127
3.942774 -2.388102 -3.136721
3.959202 2.476699 0.382521
3.975677 4.941629 3.536904
3.992056 3.649892 4.964739
4.008407 3.394567 4.965995
4.025030 3.149168 5.087103
4.041033 -1.523132 3.334263
4.057859 -6.153692 -1.449981
4.074066 -4.455187 -3.021122
4.090727 -2.186102 -0.731142
4.106607 0.622131 -1.913811
4.123583 -1.245837 -4.540697
4.139826 -0.435688 -2.968291
4.156651 1.502585 -1.279747
4.172521 -0.458783 -0.942347
4.189291 -0.394183 -2.217951
4.205543 0.369405 -1.658358
4.222165 -0.029503 0.665640
4.238494 -0.378469 2.629705
4.254966 -0.444657 0.349681
4.271345 1.070745 2.692100
4.287633 2.022597 -0.830075
4.304074 0.472144 -4.947890
4.320701 0.662843 -4.103527
4.337126 3.166531 2.156560
4.353332 4.256998 8.597990
4.370000 3.474458 8.854498
4.385979 0.922851 4.889711
4.402463 -2.028815 -3.521003
4.419074 -3.048260 -6.843044
4.435793 -1.555715 -4.329371
4.451956 -0.620209 0.822189
4.468137 3.861695 7.125651
4.484590 6.731674 10.575471
4.501444 4.245647 6.909101
4.517688 -0.428074 0.977584
4.534295 -4.729937 -3.372457
4.550334 -6.096228 -5.693133
4.567021 -5.182613 -4.202688
4.583431 -4.616938 -4.153041
4.599451 -4.313595 -3.603315
4.616296 -0.901230 -1.500679
4.632543 1.394601 -1.758851
4.649233 0.094145 -3.191046
4.665161 -0.589476 -3.885389
4.682134 -0.351212 -4.442203
4.698285 -1.882945 -4.458740
4.714523 -1.746323 -1.793224
4.731022 0.652163 1.499233
4.747430 2.506899 4.556411
4.763812 3.394728 3.428011
4.780318 1.406175 0.371303
4.796733 13.859705 12.757290
4.813114 0.487062 -1.773163
4.829584 -23.376628 -25.399545
4.846028 -45.561605 -46.069401
4.862695 -56.128727 -57.178983
