0.000000 59.316904 0.368044
0.016521 45.795786 0.118249
0.033008 22.921217 -0.167101
0.049497 -0.943773 -0.402207
0.066275 -13.930417 -0.818704
0.082339 0.794913 -1.048401
0.099067 0.549080 0.110416
0.115162 0.220647 2.874608
0.131950 0.522561 4.797167
0.148196 0.572554 5.797069
0.164715 0.642042 3.963446
0.181026 -0.351372 0.605222
0.197715 -0.575813 -2.968624
0.214058 -0.178626 -5.449092
0.230443 -0.162123 -6.540143
0.246692 -0.484502 -3.667896
0.263257 -0.276009 0.797559
0.279225 1.017119 4.489411
0.295793 0.811964 6.801972
0.312368 0.288903 6.545989
0.328645 -0.942674 5.551587
0.345132 -0.955077 3.554952
0.361612 -1.043785 1.638705
0.377863 -1.731244 -0.539909
0.394384 -1.097159 -0.850130
0.410824 -0.201973 -1.568696
0.427337 0.402811 -1.613754
0.443759 0.248755 -1.613129
0.460070 0.089923 -0.737669
0.476763 0.456804 0.200358
0.492996 1.475491 1.014668
0.509596 2.451876 -0.112237
0.526258 2.463220 -0.964442
0.542774 1.872075 -1.061712
0.558995 -0.173269 -1.818919
0.575663 -1.569094 -1.698311
0.591821 -1.621537 -1.102206
0.608402 -0.587045 0.533126
0.624756 0.255440 1.055927
0.641079 1.457821 0.246046
0.657725 1.907907 -0.254533
0.673910 2.406659 -0.819325
0.690487 2.055913 -3.025166
0.706791 1.674554 -5.500965
0.723426 1.693122 -3.488222
0.739600 1.009703 -1.252742
0.756241 0.234774 1.118682
0.772575 -1.131765 0.478388
0.789154 -1.015169 1.313565
0.805363 -1.738014 2.458449
0.821964 0.115228 3.386224
0.838282 -0.060226 3.468731
0.854826 0.648804 2.045643
0.871073 0.255801 2.012860
0.887692 -2.634593 1.496729
0.903985 -5.833486 1.549492
0.920114 -9.243528 2.586670
0.936893 -10.253137 5.387274
0.953401 -8.698628 5.772280
0.969784 -5.076272 5.063402
0.985914 -2.631349 1.154704
1.002594 0.466207 -1.409152
1.018790 0.882552 -0.992149
1.035745 0.021624 0.440666
1.051809 -2.607032 2.391451
1.068342 -1.036900 0.659717
1.084748 2.499657 -3.819688
1.101235 5.258373 -8.221188
1.117526 7.796326 -10.832576
1.134156 8.507765 -11.624878
1.150339 6.829426 -9.642112
1.166999 3.644974 -1.739088
1.183277 0.298008 4.483818
1.199799 -1.276793 6.339895
1.216207 0.595377 4.498934
1.232383 0.274617 4.194262
1.249071 1.600518 3.176352
1.265518 1.150522 1.917580
1.281967 -0.289328 0.858825
1.298160 -1.044458 1.031724
1.314731 -1.446331 1.926387
1.331029 -1.622384 -1.345017
1.347207 -1.853650 -3.452653
1.363738 -0.046922 -3.862681
1.380381 1.612311 -3.719392
1.396849 1.346285 -2.142137
1.413407 0.234831 0.228572
1.429703 0.224726 2.679200
1.446207 -0.786693 4.057722
1.462438 -0.746219 5.528637
1.478597 -0.932231 4.125474
1.495050 -1.585791 1.465014
1.511480 -1.533960 -2.105660
1.527828 -1.015923 -5.275257
1.544369 1.756609 -7.008295
1.560773 3.432247 -7.094265
1.577296 3.314187 -5.406729
1.593721 2.911727 -2.869718
1.610081 1.466737 -0.219064
1.626843 -0.784231 0.054840
1.642963 -1.310193 0.536987
1.659795 -0.423437 -0.171574
1.676078 1.091955 -0.265249
1.692771 0.876578 0.331820
1.708900 0.185192 1.296019
1.725665 0.119901 2.854502
1.741813 -0.302007 4.135993
1.758522 -0.188797 4.288209
1.774696 0.387629 4.085450
1.791266 0.327671 2.758616
1.807700 0.019313 2.867101
1.824163 -0.592458 2.640675
1.840546 -1.597554 2.302971
1.856678 -0.994962 1.984545
1.873432 -0.823948 0.606715
1.889419 -0.282961 -1.646805
1.906238 0.099206 -3.327849
1.922438 0.533373 -3.385330
1.939059 1.057785 -2.811749
1.954950 1.674453 0.079135
1.971986 1.169512 0.342621
1.988253 0.386470 -0.763132
2.004704 1.069770 -0.627401
2.020990 0.320519 0.105374
2.037738 -1.218040 -0.445864
2.053998 -0.755930 3.150583
2.070555 1.224897 9.120900
2.086622 3.445826 12.676199
2.103449 4.041820 14.972104
2.119702 2.897010 12.068994
2.136231 1.254337 8.138694
2.152706 -0.143687 0.815990
2.168904 -1.522953 -6.799102
2.185641 -1.032484 -9.918422
2.201765 0.464325 -5.588190
2.218373 2.077746 -3.193949
2.234413 3.474274 -1.899411
2.251246 2.783273 0.157884
2.267547 2.567395 0.759232
2.284000 3.059264 1.683445
2.300491 1.205356 2.533658
2.316964 0.015687 4.956355
2.333216 -1.331656 4.778267
2.349929 -0.837682 2.508139
2.366098 0.335633 -0.211428
2.382698 -0.600606 -2.234000
2.399058 -4.036917 -3.412300
2.415441 1.170122 4.030985
2.432007 4.885117 9.216597
2.448234 13.893648 19.057027
2.464718 25.696406 26.671754
2.480862 32.731565 30.935310
2.497544 32.099296 28.956543
2.513623 23.351042 21.432224
2.530515 10.949536 11.930545
2.546802 2.893408 2.255187
2.562775 0.563398 -2.289977
2.579805 -3.045139 -7.739902
2.595986 0.392995 -3.551239
2.612117 1.450209 -1.051049
2.628677 2.606903 2.477661
2.644959 1.840489 4.288249
2.661541 1.345132 4.591486
2.678024 0.908117 2.492162
2.694318 -0.024889 0.549473
2.710819 -2.439401 1.205597
2.727291 -3.185288 1.353666
2.743735 -2.074000 3.215494
2.760337 0.385912 3.107698
2.776890 7.792815 -0.603102
2.792994 5.337089 -4.705565
2.809686 -5.892110 -4.428030
2.826115 -16.881862 -0.183194
2.842661 -29.910796 4.222926
2.858876 -37.564526 5.512349
2.875549 -37.777181 4.993525
2.891763 -29.777641 3.643977
2.908447 -16.607410 -0.272170
2.924676 -3.929355 -4.046564
2.941254 7.470963 -3.322443
2.957604 -0.002072 -0.274733
2.973697 -16.283606 2.464664
2.990255 -35.260808 3.524094
3.006599 -43.858958 4.284995
3.023295 -41.602448 4.278875
3.039439 -30.873742 3.598446
3.056212 -13.283833 1.045964
3.072391 4.633485 -1.214886
3.088911 12.650913 -0.570801
3.105179 -0.157512 -0.251644
3.121934 -2.853603 -0.168537
3.138170 -3.315112 -0.998834
3.154741 -3.248112 -2.496805
3.171097 -1.792226 -3.026624
3.187698 -0.505489 -3.842738
3.203983 1.528888 -4.324759
3.220536 1.183624 -4.675276
3.236823 1.104285 -3.106426
3.253414 0.027714 -0.669335
3.269781 -0.588095 3.412802
3.286225 -1.005972 3.856676
3.302606 -1.291494 2.405425
3.319122 -1.634029 0.717799
3.335588 -3.453981 -1.591306
3.351609 -2.652418 -4.531112
3.368379 0.392663 -7.163754
3.384818 3.939503 -5.453646
3.401298 4.401338 -0.843612
3.417511 3.868723 3.542504
3.434130 1.999886 4.585478
3.450285 0.462273 5.194477
3.466913 -0.210495 5.453897
3.483262 -1.122339 0.000238
3.499840 -0.172737 -4.811548
3.516180 0.154407 -6.001893
3.532759 -1.378153 -2.840592
3.548968 -2.975938 -0.680462
3.565563 -4.130174 -0.010544
3.581586 -3.837667 -1.309946
3.598183 -2.107590 -1.090492
3.614631 -0.499908 -1.255313
3.631203 1.163182 -0.983898
3.647364 1.925606 1.376102
3.663882 0.579534 0.444772
3.680514 -1.750851 -2.603783
3.696632 -2.928509 -4.675096
3.713486 -3.085133 -2.518609
3.729743 -0.638465 0.464616
3.746086 1.712762 4.292766
3.762377 2.876286 6.029926
3.778621 3.586946 6.544181
3.795099 2.235711 3.027115
3.811531 1.538331 -0.558820
3.827826 0.458559 -1.786103
3.844392 -0.754801 -0.600372
3.860835 -0.773313 -0.116762
3.877256 -1.633684 -1.935781
3.893712 -3.401654 -2.401852
3.910345 -4.014064 -1.362916
3.926906 -2.639102 -1.834743
3.943204 -2.528491 -2.978271
3.959885 -2.512732 -2.588157
3.975880 -2.255766 -1.125660
3.992694 -0.855546 0.210510
4.008842 0.092011 1.700874
4.025554 0.389235 3.154550
4.041758 2.225140 5.027057
4.058378 3.705639 4.581962
4.074715 3.546853 1.260143
4.091211 1.535387 0.186596
4.107525 0.142183 -1.291269
4.123880 -1.173519 -0.574761
4.140460 -2.115649 0.447827
4.157040 -2.005908 1.420353
4.173054 0.014089 -1.093827
4.189508 -0.656417 0.548564
4.206246 -3.298657 3.962313
4.222714 -3.356254 21.320829
4.239106 -4.627144 10.476356
4.255301 -6.427602 -13.081199
4.271953 -5.653895 -39.251879
4.288188 -4.174914 -57.803025
4.304843 -4.289884 -74.155817
4.321143 -4.570455 -48.862877
4.337739 0.982187 1.944581
4.353965 4.924255 62.098900
4.370518 16.770617 77.336110
4.386504 29.642195 37.103659
4.403078 39.871569 -3.325398
4.419697 44.120034 -43.987734
4.435840 39.316236 -68.165682
4.452602 29.126557 -67.741247
4.468791 18.488099 -30.345222
4.485497 8.651974 -3.449401
4.501930 -1.151706 12.922155
4.518299 1.026687 2.048341
4.534449 13.789520 0.100104
4.551229 -2.144846 0.000000
4.567344 -26.729245 0.000000
4.584100 -49.810176 0.000000
4.600310 -63.161042 0.000000
