0.000000 243.365760 856.807200
0.016838 294.481920 877.608000
0.033083 252.589440 877.770000
0.049784 245.051520 864.205200
0.066156 268.865280 892.522800
0.082655 223.461120 871.776000
0.098990 220.189440 863.686800
0.115246 236.519040 843.631200
0.131838 254.004480 829.450800
0.147808 256.769280 837.259200
0.164514 237.544320 817.992000
0.180967 250.051200 844.786800
0.197701 254.359680 850.532400
0.213785 236.745600 859.852800
0.230423 228.397440 889.617600
0.246728 224.206080 883.504800
0.263316 234.877440 913.723200
0.279587 236.799360 924.220800
0.296014 244.661760 937.472400
0.312446 249.824640 932.515200
0.328998 243.603840 931.413600
0.345016 235.989120 918.529200
0.361390 424.513920 638.431200
0.378225 632.954880 289.785600
0.394480 631.560960 278.337600
0.411292 885.016320 0.000000
0.427242 856.719360 0.000000
0.444052 857.216640 0.000000
0.460129 884.421120 0.000000
0.476882 895.706880 0.000000
0.493097 896.820480 0.000000
0.509661 872.724480 0.000000
0.525930 865.639680 0.000000
0.542577 865.639680 0.000000
0.558906 902.803200 0.000000
0.575364 879.010560 0.000000
0.591873 879.010560 0.000000
0.608153 892.078080 0.000000
0.624492 875.456640 0.000000
0.641135 875.456640 0.000000
0.657123 890.004480 0.000000
0.673830 911.767680 0.000000
0.690355 911.767680 0.000000
0.706497 878.071680 0.000000
0.722861 897.198720 0.000000
0.739351 897.198720 0.000000
0.755582 908.797440 0.000000
1.035403 908.052480 0.000000
1.051722 1000.878720 0.000000
1.068295 1005.079680 0.000000
1.084660 1004.916480 0.000000
1.101182 1023.072000 0.000000
1.117378 973.824000 4.039200
1.133991 974.774400 38.091600
1.150279 979.958400 61.084800
1.166908 1028.914560 21.502800
1.183172 1028.601600 0.000000
1.199863 975.941760 0.000000
1.216054 981.728640 0.000000
1.232558 982.183680 0.000000
1.248876 1023.244800 0.000000
1.265310 978.986880 0.000000
1.281863 979.374720 0.000000
1.298046 884.659200 0.000000
1.314168 891.183360 0.000000
1.330927 891.183360 0.000000
1.347660 862.335360 0.000000
1.363864 864.399360 0.000000
1.380405 863.253120 0.000000
1.396622 867.790080 0.000000
1.413259 881.894400 0.000000
1.429576 882.942720 0.000000
1.446133 878.027520 0.000000
1.462419 881.656320 0.000000
1.479064 881.656320 0.000000
1.495305 898.343040 0.000000
1.511906 871.127040 0.000000
1.528256 870.015360 0.000000
1.544730 893.233920 0.000000
1.561103 882.779520 0.000000
1.577430 883.795200 0.000000
1.593876 877.455360 0.000000
1.610215 874.097280 0.000000
1.626878 874.097280 0.000000
1.643161 889.077120 0.000000
1.659777 868.103040 0.000000
1.676037 866.083200 0.000000
1.692634 893.969280 0.000000
1.708925 888.222720 0.000000
1.725316 887.790720 0.000000
1.741650 887.694720 0.000000
1.758224 892.974720 0.000000
1.774747 893.105280 0.000000
1.790843 890.286720 0.000000
1.807392 876.591360 0.000000
1.823879 877.833600 0.000000
1.840037 890.209920 0.000000
1.856518 875.101440 0.000000
1.873023 874.550400 0.000000
1.889389 874.604160 0.000000
1.905748 869.667840 0.000000
1.922056 868.371840 0.000000
1.938548 865.349760 0.000000
1.955119 860.920320 0.000000
1.971473 861.504000 0.000000
1.987880 846.038400 0.000000
2.004229 958.131840 0.000000
2.020905 958.748160 10.886400
2.037251 1413.719040 571.946400
2.053878 1548.967680 659.880000
2.069855 1548.967680 659.880000
2.087059 1509.384960 661.359600
2.103135 1496.695680 675.777600
2.119116 1496.695680 675.777600
2.136102 1511.944320 725.900400
2.152556 1517.151360 673.023600
2.168903 1517.151360 673.023600
2.185399 1508.401920 699.451200
2.201804 1500.021120 694.148400
2.217925 1500.021120 694.148400
2.234893 1638.326400 879.897600
2.250980 1635.031680 910.062000
2.267563 1637.754240 902.124000
2.283770 1632.376320 884.314800
2.300406 1648.554240 881.366400
2.316657 1650.249600 880.308000
2.333409 1637.063040 882.900000
2.349523 1660.974720 915.883200
2.365930 1662.810240 910.094400
2.382338 1651.685760 904.856400
2.399007 1675.868160 866.484000
2.415263 1669.463040 881.787600
2.431860 1604.177280 878.947200
2.448303 1660.897920 860.436000
2.464721 1660.897920 860.436000
2.481110 1668.739200 866.732400
2.497560 1645.184640 886.604400
2.513999 1645.184640 886.604400
2.530211 1599.446400 869.529600
2.546883 1647.377280 889.045200
2.563101 1647.377280 889.045200
2.579738 1615.451520 915.051600
2.595924 1634.655360 907.588800
2.612556 1634.655360 907.588800
2.628837 1610.472960 915.289200
2.645388 1634.805120 891.561600
2.661746 1634.805120 891.561600
2.678372 1634.092800 930.495600
2.694538 1595.191680 910.839600
2.711172 1592.200320 916.833600
2.727448 1546.558080 910.126800
2.743825 1549.334400 911.466000
2.760463 1547.454720 918.313200
2.776826 1554.238080 908.053200
2.793246 1544.138880 844.192800
2.809582 1548.556800 830.725200
2.825994 1592.837760 828.327600
2.842305 1550.782080 873.396000
2.858754 1553.978880 866.041200
2.875269 1563.870720 885.384000
2.891698 1579.649280 819.288000
2.908201 1578.871680 817.030800
2.924286 1535.456640 856.764000
2.940870 1526.795520 897.739200
2.956981 1515.930240 932.180400
2.973895 1620.798720 906.876000
2.990076 1697.585280 907.102800
3.006286 1694.259840 913.302000
3.022882 1627.645440 893.473200
3.039353 1679.938560 932.374800
3.055631 1683.361920 926.380800
3.072118 1651.804800 897.285600
3.088568 1697.694720 900.406800
3.105028 1709.130240 874.648800
3.121395 1707.467520 870.534000
3.137900 1711.918080 940.518000
3.154328 1711.918080 940.518000
3.170967 1724.002560 866.008800
3.187245 1727.425920 857.250000
3.203863 1723.948800 863.416800
3.220394 1658.242560 912.913200
3.236888 1652.593920 863.751600
3.253153 1650.401280 871.300800
3.269805 1688.956800 925.776000
3.286049 1690.824960 852.519600
3.302597 1696.506240 839.008800
3.318948 1688.632320 822.096000
3.335550 1699.443840 806.889600
3.351737 1699.443840 806.889600
3.368152 1699.994880 825.800400
3.384657 1717.111680 853.124400
3.400786 1713.720960 859.561200
3.417258 1720.039680 888.397200
3.433818 1703.861760 932.180400
3.450374 1708.212480 924.188400
3.466626 1751.521920 887.014800
3.483325 1742.772480 831.772800
3.499310 1745.182080 824.666400
3.516157 1734.272640 824.482800
