0.000000 61.219047 3.219479
0.016560 47.475414 0.231414
0.032998 24.035106 -1.078000
0.049767 -0.651579 -1.894564
0.066170 -14.262242 -0.515737
0.082446 -0.744492 1.271294
0.099112 -0.160103 0.384985
0.115480 0.360492 -1.321571
0.131983 0.213236 -2.799166
0.148475 -0.427685 -1.352253
0.164618 0.194331 1.323638
0.181364 -1.012146 3.034896
0.197491 -2.464725 2.520006
0.214212 -3.710655 0.630359
0.230314 -4.408472 -2.926500
0.247010 -3.863383 -3.553320
0.263251 -2.604565 -3.279164
0.279844 -1.402781 -1.686979
0.296221 0.531947 -0.889322
0.312699 1.271053 -0.021646
0.329069 0.663932 -0.647893
0.345435 2.044558 -0.421644
0.361946 3.611250 -0.928466
0.378287 3.807510 -0.511560
0.394498 3.359764 0.107026
0.410884 1.900418 -0.014420
0.427763 0.617622 -0.275725
0.443807 0.084417 -0.157519
0.460491 0.227077 -1.017840
0.476694 1.895360 -0.015968
0.493320 1.163839 1.995111
0.509590 7.160508 -7.552200
0.526160 -3.857902 4.016334
0.542353 -20.367097 22.914246
0.558904 -34.867007 40.038295
0.575386 -42.423874 48.162487
0.591596 -40.587086 46.015689
0.607962 -29.211325 34.761193
0.624453 -14.498286 20.493772
0.640858 0.072316 2.739677
0.657256 8.879305 -7.611482
0.673556 1.390453 2.540540
0.690292 1.642971 1.895913
0.706562 1.842925 1.944330
0.723280 1.826723 0.990220
0.739785 1.625182 1.207850
0.756027 0.258554 1.350214
0.772625 -1.790491 1.282239
0.788631 -1.596071 -1.010941
0.805624 -2.457157 -3.158245
0.821836 -0.653432 -4.912795
0.838110 0.350687 -4.344212
0.854681 0.148205 -3.541608
0.871234 0.058537 -3.995105
0.887567 0.826618 -2.440923
0.904247 3.239473 0.535522
0.920439 3.897220 3.165752
0.937025 4.239267 3.928648
0.953358 4.807903 2.506496
0.969757 3.871785 1.915710
0.986072 0.028862 1.937672
1.002703 -2.726478 2.247980
1.019121 -3.151544 1.354272
1.035277 -2.627994 0.536530
1.052090 -2.678344 -1.938121
1.068212 -1.949385 -3.159065
1.084891 1.349675 -4.056002
1.101067 3.276799 -3.813388
1.117636 3.363467 -1.284345
1.133738 3.290461 0.064365
1.150506 2.800229 -0.101028
1.166361 0.395940 -2.734796
1.182891 -2.149624 -1.925796
1.199702 -4.303657 2.721973
1.216210 -2.873683 6.057382
1.232453 -0.730251 6.162408
1.249027 2.800616 5.568579
1.265523 3.255395 3.918976
1.282009 2.452542 1.241340
1.298332 0.737652 -0.598398
1.314862 -2.679971 -1.259721
1.330894 -3.361368 -1.223201
1.347509 -2.122767 -2.833949
1.364076 0.623536 -6.169709
1.380193 2.155732 -6.690762
1.397015 2.033133 -6.337400
1.413166 0.937649 -4.952670
1.429729 1.409724 -1.435115
1.446136 1.233884 1.816514
1.462762 2.079911 2.996479
1.478849 0.788841 5.014016
1.495614 -2.609249 7.621019
1.511854 -5.886646 7.247512
1.528472 -7.439374 5.463596
1.544677 -6.860207 3.380999
1.561288 -4.480493 0.738714
1.577665 -1.575508 -1.117719
1.593638 1.865718 -3.047893
1.610514 3.052709 -2.830397
1.626623 1.241147 -0.986969
1.643474 0.630087 -0.812385
1.659525 -0.645807 -0.484901
1.676053 -0.265279 0.764976
1.692551 -2.183174 1.110961
1.709097 -1.553580 -0.806500
1.724987 -4.664878 -2.754222
1.741591 16.847120 -4.424180
1.757975 44.266478 -2.363455
1.774246 65.868276 1.456897
2.004634 72.769524 7.485554
2.021226 64.546023 10.115436
2.037537 44.710380 6.521130
2.054116 16.730618 3.747522
2.070259 -3.934188 0.960336
2.086910 -11.459929 1.370980
2.103390 1.179261 1.673785
2.119840 0.626211 1.915531
2.136224 -0.491619 -2.151591
2.152689 -2.153577 -3.178856
2.169100 -1.511592 -4.910017
2.185225 -2.732203 -1.740451
2.201963 0.469527 1.880581
2.218391 4.967976 2.260424
2.234619 6.919487 0.418881
2.251048 8.582326 -2.403860
2.267814 7.853277 -3.338756
2.283997 5.363780 -2.861680
2.300629 2.241734 1.805006
2.316776 0.106386 3.912677
2.333447 -1.097587 6.346880
2.349675 1.773384 4.350277
2.366306 0.533925 2.239523
2.382582 -0.194121 -2.749081
2.399216 -0.174253 -3.155794
2.415421 -1.626083 -2.355291
2.431910 -1.941436 1.820713
2.448338 -1.383764 5.591835
2.464943 0.089547 5.775142
2.481153 1.542000 2.760082
2.497569 2.887219 -4.222881
2.514160 1.352924 -6.121233
2.530291 -0.383330 -2.764728
2.546865 -1.687827 4.170143
2.563093 -2.183751 7.514900
2.579837 -2.056163 7.732407
2.596103 -1.092028 3.301249
2.612413 0.703701 -2.156334
2.628964 2.217032 -6.798663
2.645564 1.861683 -6.125412
2.661438 1.159574 -3.539069
2.678387 2.519325 -3.938321
2.694669 3.863873 -2.442833
2.711076 0.008588 -3.650842
2.727664 -3.637301 -2.004864
2.744044 -10.176065 -6.727292
2.760319 -16.156429 -14.217341
2.776643 -19.511293 -19.395349
2.793275 -18.426464 -21.759494
2.809329 -12.616924 -22.039768
2.826059 -5.847957 -16.098657
2.842512 -1.695377 -6.733972
2.858883 -0.681756 -1.351526
2.875150 0.663830 3.671043
2.891495 3.692723 5.941467
2.907920 -1.890806 -2.186429
2.924422 -11.694653 -14.442331
2.940767 -19.429132 -25.723053
2.957252 -22.947931 -30.933246
2.973761 -20.981130 -29.582376
2.990152 -15.480536 -21.906447
3.006649 -6.784717 -10.861973
3.023005 2.543363 0.745644
3.039405 6.784514 5.800424
3.056260 -0.481782 0.154227
3.072738 -2.474653 0.947278
3.089007 -2.192876 1.098472
3.105600 -1.554787 0.798073
3.121833 -0.685659 0.236345
3.138383 0.308249 -0.396445
3.154635 1.576116 -0.910035
3.171028 1.983585 -1.114157
3.187579 0.219774 -0.818549
3.203840 -0.846676 0.167054
3.220570 13.007588 0.239539
3.236747 0.559998 0.000000
3.253548 -23.248865 0.000000
3.269654 -45.985282 0.000000
3.286283 -59.552527 0.000000
