0.000000 951.672960 105.580800
0.016560 971.134080 76.874400
0.032998 971.134080 76.874400
0.049767 971.080320 12.117600
0.066170 957.288960 40.208400
0.082446 957.288960 40.208400
0.099112 957.592320 86.497200
0.115480 962.300160 58.050000
0.131983 962.300160 58.050000
0.148475 957.106560 0.000000
0.164618 959.967360 30.531600
0.181364 959.967360 30.531600
0.197491 944.090880 74.811600
0.214212 946.823040 73.753200
0.230314 946.823040 73.753200
0.247010 877.973760 21.114000
0.263251 885.469440 32.994000
0.279844 884.248320 9.601200
0.296221 883.827840 10.854000
0.312699 890.674560 26.460000
0.329069 890.254080 14.148000
0.345435 890.576640 0.000000
0.361946 906.551040 2.073600
0.378287 906.821760 13.370400
0.394498 940.431360 0.000000
0.410884 963.381120 0.000000
0.427763 963.390720 0.000000
0.443807 938.453760 6.523200
0.460491 949.244160 0.000000
0.476694 949.244160 0.000000
0.493320 966.080640 0.000000
0.509590 971.080320 0.000000
0.526160 971.437440 0.000000
0.542353 950.117760 78.202800
0.558904 880.306560 66.819600
0.575386 879.907200 52.898400
0.591596 289.136640 823.867200
0.607962 274.222080 815.691600
0.624453 270.689280 810.399600
0.640858 260.624640 792.817200
0.657256 282.072960 823.856400
0.673556 295.777920 850.791600
0.690292 258.453120 892.447200
0.706562 294.785280 844.592400
0.723280 294.785280 844.592400
0.739785 314.344320 852.184800
0.756027 307.799040 896.864400
0.772625 311.147520 901.605600
0.788631 303.759360 865.458000
0.805624 283.261440 869.259600
0.821836 276.629760 856.688400
0.838110 286.944000 848.696400
0.854681 287.840640 825.778800
0.871234 271.370880 791.478000
0.887567 321.978240 782.816400
0.904247 280.398720 802.299600
0.920439 276.543360 796.262400
0.937025 329.690880 782.719200
0.953358 367.716480 833.047200
0.969757 380.417280 861.192000
0.986072 336.007680 842.907600
1.002703 379.964160 832.345200
1.019121 379.964160 832.345200
1.035277 317.863680 873.428400
1.052090 323.998080 875.307600
1.068212 323.998080 875.307600
1.084891 322.832640 814.633200
1.101067 324.915840 789.739200
1.117636 324.915840 789.739200
1.133738 369.726720 841.395600
1.150506 375.525120 797.234400
1.166361 375.525120 797.234400
1.182891 377.134080 804.816000
1.199702 358.364160 777.621600
1.216210 358.364160 777.621600
1.232453 315.336960 806.328000
1.249027 327.573120 901.443600
1.265523 335.879040 919.630800
1.282009 388.615680 849.031200
1.298332 387.912960 875.404800
1.314862 391.077120 881.031600
1.330894 316.481280 886.939200
1.347509 348.072960 885.027600
1.364076 336.397440 861.051600
1.380193 333.611520 820.800000
1.397015 371.368320 783.356400
1.413166 371.368320 783.356400
1.429729 361.572480 763.938000
1.446136 361.950720 761.540400
1.462762 361.950720 761.540400
1.478849 397.351680 783.129600
1.495614 382.285440 838.879200
1.511854 382.285440 838.879200
1.528472 361.000320 847.292400
1.544677 266.833920 919.058400
1.561288 266.833920 919.058400
1.577665 276.090240 879.865200
1.593638 281.101440 887.965200
1.610514 281.101440 887.965200
1.626623 277.979520 854.118000
1.643474 304.590720 862.909200
1.659525 307.236480 869.983200
1.676053 289.547520 874.065600
1.692551 285.863040 852.530400
1.709097 289.438080 857.811600
1.724987 287.268480 883.839600
1.741591 340.512000 864.648000
1.757975 327.876480 838.490400
1.774246 512.977920 805.140000
2.004634 714.418560 813.229200
2.021226 1547.314560 861.116400
2.037537 1535.003520 964.321200
2.054116 1530.109440 977.864400
2.070259 1503.575040 980.046000
2.086910 1535.424000 894.931200
2.103390 1535.424000 894.931200
2.119840 1511.523840 1017.468000
2.136224 1539.895680 1001.268000
2.152689 1539.895680 1001.268000
2.169100 1518.522240 902.523600
2.185225 1503.262080 881.344800
2.201963 1503.262080 881.344800
2.218391 1506.846720 1004.443200
2.234619 1534.387200 960.195600
2.251048 1534.387200 960.195600
2.267814 1668.900480 872.262000
2.283997 1625.441280 904.683600
2.300629 1625.441280 904.683600
2.316776 1681.731840 956.556000
2.333447 1640.712960 931.910400
2.349675 1640.712960 931.910400
2.366306 1651.599360 986.364000
2.382582 1661.579520 1004.734800
2.399216 1661.579520 1004.734800
2.415421 1671.536640 935.668800
2.431910 1630.940160 909.954000
2.448338 1630.940160 909.954000
2.464943 1633.455360 1036.994400
2.481153 1644.675840 1045.310400
2.497569 1644.675840 1045.310400
2.514160 1652.680320 962.863200
2.530291 1667.237760 934.923600
2.546865 1663.998720 940.669200
2.563093 1658.112000 957.571200
2.579837 1619.166720 1080.000000
2.596103 1623.054720 1080.000000
2.612413 1636.047360 1038.193200
2.628964 1639.643520 1018.288800
2.645564 1644.839040 1006.938000
2.661438 1650.574080 979.225200
2.678387 1664.526720 953.197200
2.694669 1664.526720 953.197200
2.711076 1650.303360 987.757200
2.727664 1690.350720 890.157600
2.744044 1690.350720 890.157600
2.760319 1612.719360 925.624800
2.776643 1472.480640 796.100400
2.793275 1471.779840 804.351600
2.809329 1336.391040 554.828400
2.826059 1324.986240 509.565600
2.842512 1324.986240 509.565600
2.858883 1331.531520 485.902800
2.875150 1324.327680 504.738000
2.891495 1324.327680 504.738000
2.907920 1308.072960 509.684400
2.924422 1295.059200 477.802800
2.940767 1295.059200 477.802800
2.957252 1296.257280 434.278800
2.973761 919.413120 0.000000
2.990152 919.413120 0.000000
3.006649 962.029440 0.000000
3.023005 968.467200 0.000000
3.039405 968.413440 0.000000
3.056260 951.306240 0.000000
3.072738 968.380800 0.000000
3.089007 968.824320 0.000000
3.105600 942.698880 0.000000
3.121833 925.365120 28.134000
3.138383 925.267200 16.772400
3.154635 954.395520 0.000000
3.171028 956.436480 0.000000
3.187579 955.906560 0.000000
3.203840 958.358400 0.000000
3.220570 948.670080 0.000000
3.236747 948.001920 0.000000
3.253548 933.432960 0.000000
3.269654 967.829760 0.000000
3.286283 967.904640 0.000000
