0.000000 56.378962 7.832014
0.016788 54.323740 -8.812363
0.033085 40.774784 -22.865975
0.049528 21.002787 -29.027728
0.065956 2.411167 -21.999822
0.082432 -1.663365 3.525594
0.098628 -1.346887 2.026556
0.115490 -1.058827 0.632127
0.131373 -2.337872 0.680674
0.148251 -0.764757 0.000000
0.164472 0.190200 0.000000
0.180848 1.221559 0.000000
0.197446 1.750789 -0.526739
0.214071 1.006836 -0.012077
0.230359 1.898625 1.451800
0.246952 -0.442113 1.819985
0.263120 -2.966411 1.405469
0.279803 -4.719456 0.521238
0.296179 -5.259079 -0.519716
0.312580 -5.341519 -1.404404
0.328992 -4.695238 -1.819836
0.345281 -3.052569 -1.453024
0.361996 -0.180617 0.009023
0.378126 2.657495 0.528282
0.394440 1.699317 0.000000
0.410877 1.740201 -0.118767
0.427512 0.252479 0.116392
0.443820 -1.116746 -0.235457
0.460183 -1.730186 -0.101770
0.476609 -1.152003 1.221066
0.493272 -0.315637 2.458953
0.509632 1.449217 2.288252
0.526234 2.722497 1.217250
0.542465 2.212354 -0.245769
0.559056 1.067933 -1.592514
0.575443 -0.908062 -3.010331
0.591914 -0.586338 -1.932874
0.608275 -0.869150 0.405380
0.624779 -1.113927 1.822192
0.640915 -1.384922 1.399378
0.657432 -0.296918 0.178058
0.674075 0.444782 -0.686360
0.690250 -0.617758 -1.344406
0.706815 -1.670938 -1.536171
0.723205 -2.048400 -1.001746
0.739441 -0.406618 0.518781
0.756026 -0.307273 0.180464
0.772441 -0.592080 0.000000
0.788517 1.063406 0.000000
0.805540 2.636660 0.000000
0.821497 3.130388 0.000000
0.837753 2.451016 0.000000
0.854445 2.083975 0.000000
0.870660 1.462120 0.000000
0.887171 0.642165 0.000000
0.903741 -0.776036 0.000000
0.920144 -1.214380 0.000000
0.936504 -0.172768 0.000000
0.952912 -0.389984 0.000000
0.969428 -0.424158 0.000000
0.985953 0.903869 0.000000
1.002255 1.346784 0.000000
1.018928 4.294216 -2.686599
1.035444 4.038793 -9.199736
1.051943 -5.624504 4.319037
1.068129 -16.068754 24.166311
1.084803 -26.776453 43.881069
1.101047 -32.903178 54.912931
1.117595 -32.349690 54.434351
1.133969 -24.029983 39.410331
1.150323 -13.292888 18.557649
1.166627 -2.923642 -1.766960
1.183403 -0.545625 -7.234406
1.199676 -1.488100 1.619960
1.215911 -0.332970 1.209381
1.232184 -1.468157 0.202586
1.248730 -0.398336 -2.151126
1.264897 1.369087 -3.372689
1.281737 1.932365 -4.878603
1.298294 1.135594 -1.934861
1.314620 1.326897 1.092529
1.331167 -0.284062 4.667344
1.347443 -1.410192 3.844647
1.364023 -2.212647 1.846035
1.380332 -0.142471 2.032231
1.396658 1.057103 3.011784
1.413135 1.125803 2.668849
1.429752 1.111188 1.703466
1.446093 1.263609 1.221485
1.462569 -7.394216 0.284091
1.478887 -4.839067 -2.993862
1.495425 11.209214 -6.643428
1.511825 25.888094 -8.010018
1.527949 41.811027 -6.718956
1.544752 49.885816 -6.297659
1.560955 48.796671 -4.710306
1.577568 36.949747 -0.349358
1.593861 17.857397 1.576925
1.610405 1.379021 0.338284
1.626695 0.952774 -0.060655
1.643294 -1.705213 0.181922
1.659328 -10.399354 -0.193100
1.676234 -0.598414 0.041494
1.692382 10.833972 2.019544
1.709088 21.285966 4.427605
1.725309 26.646884 5.580720
1.741918 27.349568 1.018255
1.758335 22.694469 -5.703824
1.774567 13.023434 -4.825014
1.790905 1.404566 -1.683388
1.807493 -5.777819 6.660901
1.824045 -1.727242 10.832187
1.840420 -3.534302 12.956447
1.856919 -4.263594 10.447508
1.873012 -3.935547 5.361837
1.889528 -2.511074 0.685895
1.906382 -1.672431 -0.469884
1.922048 0.508841 4.030875
1.938901 2.125626 4.072794
1.955114 2.701022 3.196487
1.971483 2.010526 -4.504674
1.988052 1.077169 -7.085930
2.004308 -0.458687 -10.260405
2.020857 -1.206238 -5.795864
2.037150 -2.056288 0.288271
2.053511 -2.553663 5.164946
2.069950 -0.933816 6.978137
2.086442 -0.582474 6.780521
2.102861 0.959408 5.434824
2.119359 1.220381 -0.506877
2.136024 0.912698 -2.368195
2.152374 0.053089 -1.479498
2.168630 -1.002108 0.821933
2.185542 -2.488293 0.950749
2.202024 -2.299047 2.682527
2.218353 -1.318520 1.306500
2.234804 -0.182853 1.773583
2.251103 1.066857 1.574036
2.267415 1.366974 0.749381
2.284096 1.339941 1.523459
2.300328 0.358664 1.511921
2.316867 -0.588206 0.690145
2.333179 -0.735314 1.752468
2.349778 -0.421995 0.968469
2.365712 0.641391 -0.988234
2.382168 1.489521 -0.000000
2.398885 0.586451 -0.000000
2.415473 0.387356 -0.000000
2.431356 0.176616 -0.000000
2.448302 0.840662 -0.000000
2.464681 4.203264 1.515899
2.481186 1.274162 0.259831
2.497512 0.761525 8.113545
2.513598 -9.020772 -2.474655
2.530453 -23.923989 -26.299016
2.546514 -35.138097 -49.723399
2.563353 -37.923473 -63.709509
2.579504 -33.861209 -63.814298
2.596228 -23.608589 -50.141535
2.612180 -10.825611 -27.341910
2.628956 -2.463879 -4.660752
2.645260 4.370495 10.824941
2.661828 0.495265 2.205672
2.678096 -0.293191 -0.693565
2.694784 0.350428 1.067887
2.711091 0.467166 3.460596
2.727475 0.772292 5.997349
2.743704 3.592073 8.344031
2.760036 2.046311 6.176281
2.776846 -1.717789 1.494802
2.793328 -4.942400 -3.902401
2.809729 -6.315156 -7.403490
2.825924 -6.882051 -7.559706
2.842639 -5.681042 -4.762046
2.858698 -3.310230 -1.125941
2.875407 0.415029 2.359053
2.891731 2.092261 2.971815
2.908189 0.420994 0.426639
2.924500 0.898038 -0.843849
2.941117 1.234499 -1.771925
2.957462 0.413398 -1.872683
2.974054 -0.880390 -1.566515
2.990442 -2.328732 -0.497806
3.006938 -3.031933 0.098981
3.023242 -1.003920 0.295335
3.039413 1.578109 0.013419
3.056056 4.565664 0.000000
3.072367 5.699651 0.000000
3.088483 5.010420 0.000000
3.105024 2.984696 0.000000
3.121586 1.574316 0.000000
3.137773 0.722279 0.000000
3.154331 1.049641 0.000000
3.170818 1.250771 0.000000
3.187208 -0.051274 0.000000
3.203588 -0.829229 0.000000
3.220034 -1.632199 0.000000
3.236407 -1.863153 0.000000
3.252961 0.216065 0.000000
3.269392 1.494963 0.000000
3.286015 2.057693 0.000000
3.302179 0.494384 0.000000
3.318799 -1.100087 0.000000
3.335148 -1.686096 0.000000
3.351867 -0.987962 0.000000
3.368270 -0.991696 0.000000
3.384773 -1.381157 0.000000
3.401182 -1.053573 0.000000
3.417068 -0.823801 0.000000
3.434047 0.596304 0.000000
3.450228 1.604283 0.000000
3.466651 2.553737 0.000000
3.483177 1.956502 0.000000
3.499692 0.700755 0.000000
3.515966 -0.786790 0.000000
3.532595 -0.705786 -0.829672
3.548869 -0.107870 -0.072121
3.565422 0.725873 1.453581
3.581880 1.520503 2.160967
3.598151 -0.284229 3.556622
3.614799 -2.283210 5.592780
3.631000 -3.939884 6.604903
3.647533 -2.421238 5.757236
3.663761 -1.119449 3.121942
3.680489 -0.814336 0.896030
3.696523 0.468707 -2.426991
3.712972 1.019581 -4.763658
3.729744 7.857210 -13.139441
3.745678 -1.151308 -2.158488
3.762635 -15.522500 17.838482
3.778858 -29.019862 35.523692
3.795433 -36.359119 46.584080
3.811666 -37.212698 49.257113
3.828265 -28.025855 42.312915
3.844535 -14.467649 26.050823
3.861178 -1.095300 10.336073
3.877370 7.558335 -0.417532
3.894017 0.495566 5.642063
3.910361 -0.181678 2.652322
3.926942 0.269269 -2.070040
3.942821 -0.736071 -5.022229
3.959737 -1.874581 -4.718081
3.976080 -2.743565 -3.394649
3.992484 -4.889289 -0.812375
4.008992 -3.896214 2.132191
4.024875 -2.099772 4.524129
4.041998 -0.769726 3.221844
4.058125 0.516314 -0.050558
4.074755 1.339351 -2.974196
4.091079 -0.269870 -3.518990
4.107688 -0.585622 -1.180680
4.123871 -1.435998 1.107935
4.140312 -1.236071 2.721821
4.156667 0.778554 1.670004
4.173035 2.791247 -0.541190
4.189750 3.276456 -3.401925
4.206265 2.657110 -2.470618
4.222289 1.185424 -0.087847
4.238919 -0.540748 3.869788
4.255256 -1.109404 7.635618
4.271795 -1.676592 9.352277
4.287837 -1.274775 8.709593
4.304205 -1.515392 5.002304
4.320774 -2.043793 0.553585
4.337173 -2.032747 -1.321491
4.353478 -1.853669 -1.520581
4.370001 -1.605999 -0.362099
4.386490 -2.095421 0.258655
4.402808 0.655763 1.389241
4.419411 -6.851637 3.859001
4.435838 4.576078 -0.212623
4.452043 26.892643 -7.790254
4.468905 46.702098 -14.225201
4.485491 59.996152 -16.104842
4.501755 60.581609 -14.022758
4.518275 49.421819 -8.555516
4.534452 29.754139 -2.282655
4.551144 9.606883 3.930037
4.567451 -4.716619 5.534310
4.584046 21.171184 14.515296
4.600366 0.941662 0.811540
4.616684 -35.395211 -22.274783
4.633272 -66.997776 -42.589472
4.649528 -86.190709 -54.086730
