0.000000 49.750840 23.080107
0.016398 39.597156 36.461440
0.032769 21.238393 42.902187
0.049443 1.247892 38.094729
0.065882 -10.851707 30.319639
0.082210 -0.814374 20.994818
0.098674 -0.458494 10.540754
0.115381 0.510547 6.073099
0.131895 1.077834 6.458858
0.147847 0.462498 6.437667
0.164380 -2.630601 9.561472
0.180935 -0.396394 -1.666523
0.197369 4.246809 -11.370642
0.213863 7.088671 -21.568023
0.230120 10.983027 -31.550589
0.246682 13.522053 -35.423989
0.263148 11.016131 -32.741829
0.279711 6.728661 -20.358735
0.295828 1.949732 -6.092573
0.312378 -0.798533 2.185104
0.328817 0.648840 2.977509
0.344889 0.070910 3.442237
0.361460 1.250299 0.549732
0.377763 0.993392 -3.153104
0.394192 -2.399096 -8.658604
0.410645 -7.546732 -9.416910
0.427158 -9.821845 -8.656211
0.443511 -10.565224 -8.261009
0.460012 -8.844914 -5.333098
0.476414 -4.170369 -2.159435
0.492925 0.857453 -0.061717
0.509518 5.264739 1.908143
0.526119 3.858156 -0.114662
0.542449 2.423760 0.110991
0.559032 -0.919565 -0.352754
0.575293 -2.837537 -2.668764
0.591843 -3.827814 0.549994
0.608124 -2.556882 3.817624
0.624657 1.101040 0.098544
0.641147 3.858673 -4.911211
0.657678 6.516779 -8.093253
0.673681 5.816673 -11.544402
0.690352 5.019708 -12.097957
0.706777 2.984195 -9.550058
0.722880 1.618392 -3.992488
0.739643 0.336299 1.019062
0.756164 -0.116304 0.654557
0.772493 -0.098256 0.238848
0.788662 -0.247219 2.011740
0.804955 0.159759 2.269791
0.821429 0.242611 1.694384
0.838041 0.820396 0.558980
0.854443 0.999388 -1.047428
0.871114 1.339508 -2.180462
0.887425 0.763759 -1.173698
0.903682 0.325735 -0.016003
0.920277 0.040590 1.705347
0.936624 -0.353987 1.316816
0.952939 -0.049623 -0.542668
0.969479 0.286968 -1.639938
0.986108 -0.160417 -2.149043
1.002405 0.170232 0.944659
1.018958 -0.543882 4.556737
1.035279 1.697017 -0.026989
1.051825 -1.962633 5.154084
1.068322 -8.639751 13.963756
1.084733 -14.861625 21.463567
1.298141 -17.006989 25.252319
1.314685 -15.646682 24.295633
1.331009 -3.797367 10.611575
1.347478 -4.122263 8.340286
1.363913 -10.442174 10.196547
1.380265 -18.610430 18.270646
1.396764 -28.411869 31.295401
1.412967 -28.123780 29.406630
1.429528 -19.702279 21.278515
1.446085 -7.648285 9.669439
1.462375 3.915814 -1.786643
1.478683 9.467334 -7.868404
1.495173 1.706943 3.680794
1.511446 0.695163 4.543959
1.527887 -0.863820 1.206630
1.544279 -2.453267 -4.636626
1.560613 -3.221514 -7.260960
1.577093 -3.231423 -7.315785
1.593615 -2.793326 -3.365432
1.610050 0.273607 0.696842
1.626482 2.921380 3.174809
1.642949 4.565994 4.252941
1.659335 3.328856 2.682518
1.676015 0.510301 2.850994
1.692319 -2.425181 0.800217
1.709007 -4.032276 0.092749
1.725328 -4.666932 1.605755
1.741679 -4.487965 2.095040
1.758170 -2.468860 -0.139231
1.774758 1.009026 -1.077813
1.791169 1.862079 -0.647605
1.807557 2.287843 1.229390
1.823986 2.526714 1.499120
1.840273 3.238602 2.537752
1.856539 2.229081 3.987069
1.872766 0.966373 1.568613
1.889698 -0.096991 -1.169296
1.905990 0.301535 -2.106104
1.922617 0.050024 -1.758689
1.938399 -1.434841 -1.660373
1.955195 -0.551940 0.123714
1.971731 -18.547167 1.165089
1.988149 -0.051212 2.645336
2.004537 32.219434 1.926689
2.021121 63.480761 2.831600
2.037350 81.419550 1.990184
2.250816 81.777508 0.604852
2.267013 63.919542 -0.451490
2.283826 34.207977 -1.246319
2.300388 1.587444 -1.537733
2.316778 -17.743874 -0.508753
2.333315 -0.538355 -1.053412
2.349701 -1.089545 -1.462118
2.365984 -1.748549 1.288335
2.382560 -1.208050 -1.380101
2.399079 1.520852 -5.107015
2.415429 4.453550 -11.162843
2.431587 5.803614 -15.233587
2.448368 3.613433 -15.609310
2.464369 0.456484 -11.741057
2.481123 -1.916123 -5.328419
2.497274 -4.070618 4.294972
2.513976 -5.543081 8.696371
2.530234 -3.807449 5.813425
2.546697 -0.778429 3.617577
2.563176 2.480926 1.166771
2.579777 3.210817 -0.297465
2.595519 3.147055 -1.093285
2.612590 2.111314 -0.087569
2.628743 2.227355 0.326456
2.644783 0.899308 0.005341
2.661524 -0.150016 -0.408826
2.677801 -0.427974 0.906226
2.694274 -1.111524 3.119869
2.710677 -2.001681 5.749503
2.727091 -3.072987 7.724782
2.743619 -2.147049 7.096476
2.760093 -0.267820 3.754729
2.776505 2.104416 -1.027120
2.792964 2.085245 -5.122456
2.809375 1.571339 -8.441404
2.826104 1.316402 -8.404302
2.842420 1.038541 -5.261313
2.859024 1.140425 -3.501487
2.875253 0.520491 0.782062
2.891880 0.701747 6.296447
2.908185 1.103229 10.935200
2.924710 -0.094853 13.788221
2.941183 -0.789439 12.134942
2.957654 -0.590404 8.142054
2.974053 0.442915 4.998372
2.990426 0.402393 -0.449899
3.006817 -0.342259 -6.372333
3.022809 -0.917815 -5.628133
3.039741 -0.154775 -4.375686
3.055948 0.163770 -2.556662
3.072502 -0.062629 0.981385
3.088829 0.144177 3.480742
3.105456 -0.881317 5.153852
3.121706 -1.603278 5.935440
3.138235 -1.791742 3.560123
3.154525 -1.791342 3.185621
3.171052 -0.137018 3.618352
3.253173 1.802011 1.829155
3.269713 2.654467 2.152848
3.286124 2.478746 1.111153
3.302413 0.830808 -1.317955
3.318939 0.801040 -3.258536
3.335243 1.006364 -2.862618
3.351858 0.264225 -1.540387
3.368111 0.227355 0.896098
3.384702 0.302447 2.494842
3.401018 -0.289880 3.831697
3.417503 -2.320155 4.437646
3.433792 -3.573400 1.847861
3.450358 -3.843870 0.346479
3.466707 -2.343191 -0.562612
3.483310 -2.503615 -0.185949
3.499617 -2.917015 -0.042880
3.516168 -1.926794 -0.000000
3.532469 -0.488118 -0.000000
3.549066 2.955869 -0.000000
3.565415 2.780291 -0.000000
3.581630 2.352026 -0.000000
3.598236 0.338638 -0.000000
3.614523 -0.271753 -0.000000
3.631147 -0.667938 -0.000000
3.647307 0.186430 -0.000000
3.663837 3.057446 -0.000000
3.680202 4.709735 -0.000000
3.696694 4.356205 -0.000000
3.712965 0.386764 -0.000000
3.729634 -1.789201 -0.000000
3.745724 1.075949 1.025098
3.762652 3.706089 0.594902
3.778737 -9.134870 -1.514383
3.795064 -17.411402 -4.236113
3.811298 -37.486564 -6.816529
3.827765 -57.907305 -8.579585
3.844185 -69.343196 -8.699158
3.860664 -65.544283 -7.812527
3.877146 -47.761825 -3.581984
3.893562 -23.078613 3.251670
3.910115 -7.310714 4.838358
3.926467 2.221204 6.346389
3.943102 11.398189 7.656348
3.959306 2.503273 5.247393
3.976126 0.244909 2.970629
3.992520 -1.116164 1.768028
4.009010 -0.198254 1.412938
4.025168 -0.798048 1.875177
4.041834 -1.685610 1.026733
4.058034 -2.285532 -2.320955
4.074683 -0.974263 -3.005757
4.090867 0.195179 -4.736634
4.107585 -0.585418 -5.218414
4.123944 -1.111366 -2.658878
4.139804 -1.761475 -1.867127
4.156780 -2.775825 -0.313407
4.173278 -4.670195 -0.553044
4.189336 -5.783949 -1.195710
4.205889 -3.807116 -2.524137
4.222346 -1.506114 -2.725820
4.238988 1.043643 -1.644070
4.255154 2.945221 0.045373
4.271836 4.099236 1.184845
4.288011 3.718317 1.690172
4.304711 0.936599 2.329530
4.320927 -0.948804 1.985900
4.337603 2.957190 18.063424
4.353765 -0.167570 4.245247
4.370465 -7.539216 -22.086988
4.386686 -14.178286 -47.696143
4.403233 -17.997450 -63.680016
