0.000000 925.601280 975.499200
0.016531 949.211520 1057.460400
0.032971 950.031360 1065.711600
0.049388 1103.888640 1080.000000
0.065853 1119.623040 1080.000000
0.082309 1122.021120 1066.089600
0.098778 1125.434880 1021.863600
0.115090 1135.964160 1001.332800
0.131478 1137.552000 986.083200
0.147883 1076.607360 988.783200
0.164392 1064.791680 979.473600
0.180794 1063.960320 978.350400
0.197128 1075.656960 866.883600
0.213697 1015.856640 644.965200
0.230171 1015.943040 672.721200
0.246479 972.182400 142.970400
0.262966 945.290880 86.680800
0.279362 945.171840 102.124800
0.295812 929.706240 91.962000
0.312144 981.135360 136.112400
0.328674 981.740160 147.463200
0.591498 947.623680 0.000000
0.607951 922.199040 0.000000
0.624415 922.199040 0.000000
0.640773 947.925120 0.000000
0.657169 919.153920 0.000000
0.673641 918.193920 0.000000
0.690038 938.929920 0.000000
0.706478 899.681280 0.000000
0.723000 899.681280 0.000000
0.739399 946.986240 0.000000
0.755751 816.748800 0.000000
0.772343 819.189120 0.000000
0.788771 301.200000 727.628400
0.805018 295.399680 868.654800
0.821429 299.710080 875.793600
0.837962 307.637760 850.392000
0.854412 265.850880 857.509200
0.870804 252.696960 833.490000
0.887242 252.136320 883.882800
0.903701 245.201280 875.005200
0.920144 252.804480 888.991200
0.936536 229.261440 846.342000
0.952949 272.666880 844.009200
0.969369 285.615360 867.942000
0.985783 263.195520 924.955200
1.002224 277.061760 942.829200
1.018672 280.270080 950.162400
1.034999 304.450560 931.910400
1.051421 322.972800 874.216800
1.067830 327.271680 881.388000
1.084237 696.846720 920.916000
1.100885 1063.691520 878.558400
1.117217 1064.350080 863.308800
1.133566 1722.101760 971.038800
1.150050 1757.688960 987.746400
1.166533 1761.208320 980.866800
1.182744 1702.888320 972.874800
1.199354 1700.555520 995.997600
1.215719 1700.340480 996.408000
1.232257 1736.747520 1021.885200
1.248606 1735.493760 977.475600
1.265077 1735.493760 977.475600
1.281556 1731.757440 1007.467200
1.297925 1687.326720 957.927600
1.314348 1683.891840 964.180800
1.330816 1704.520320 1055.829600
1.347255 1716.119040 960.109200
1.363623 1705.566720 980.467200
1.380091 1673.512320 969.321600
1.396565 1611.974400 904.478400
1.412912 1621.672320 883.537200
1.429352 1625.366400 975.531600
1.445845 1637.742720 829.364400
1.462294 1647.052800 806.630400
1.478701 1668.783360 878.904000
1.495093 1624.934400 824.731200
1.511537 1618.421760 840.207600
1.527946 1667.162880 913.539600
1.544337 1692.412800 915.829200
1.560858 1700.966400 898.614000
1.577262 1648.748160 914.803200
1.593657 1649.374080 915.732000
1.610138 1657.107840 899.164800
1.626448 1668.426240 847.929600
1.642850 1651.879680 869.475600
1.659332 1637.829120 900.493200
1.675771 1612.007040 933.670800
1.692234 1616.100480 954.363600
1.708669 1619.911680 947.052000
1.725147 1624.124160 721.861200
1.741498 1324.381440 30.704400
1.757868 1330.581120 0.000000
1.774242 973.111680 0.000000
1.790726 905.546880 0.000000
1.807097 907.576320 0.000000
1.823551 893.969280 0.000000
1.840064 923.527680 0.000000
1.856495 923.614080 0.000000
1.872965 908.634240 0.000000
1.889324 937.169280 0.000000
1.905795 936.412800 0.000000
1.922223 953.034240 0.000000
1.938702 898.116480 0.000000
1.955103 897.985920 0.000000
1.971505 896.463360 0.000000
1.987968 937.708800 0.000000
2.004399 937.816320 0.000000
2.020746 966.912000 0.000000
2.037245 913.570560 0.000000
2.053664 913.624320 0.000000
2.070089 1108.640640 0.000000
2.086522 1419.171840 532.180800
2.102831 1410.662400 568.998000
2.119378 1668.048000 1080.000000
2.135846 1705.328640 1080.000000
2.152245 1718.904960 1080.000000
2.168712 1743.517440 1029.542400
2.185078 1765.777920 1016.647200
2.201430 1773.498240 1003.719600
2.217871 1733.205120 969.278400
2.234337 1716.551040 1033.970400
2.250756 1703.656320 1055.473200
2.267263 1732.826880 1073.120400
2.283605 1707.792000 1051.779600
2.300028 1707.565440 1052.168400
2.316426 1683.901440 1017.878400
2.332905 1668.069120 1030.244400
2.349416 1668.069120 1030.244400
2.365825 1655.207040 1062.633600
2.382227 1594.176000 878.212800
2.398606 1594.176000 878.212800
2.415050 1606.974720 891.529200
2.431538 1617.352320 831.589200
2.447960 1624.967040 813.315600
2.464371 1618.281600 771.670800
2.480846 1602.470400 805.204800
2.497248 1605.872640 797.634000
2.513625 1633.931520 814.438800
2.530002 1612.903680 786.985200
2.546422 1602.157440 812.376000
2.562853 1586.087040 863.881200
2.579344 1582.381440 835.617600
2.595773 1576.106880 851.536800
2.612153 1588.775040 872.640000
2.628646 1564.389120 884.239200
2.645112 1570.254720 869.486400
2.661492 1569.423360 862.261200
2.677931 1622.482560 886.226400
2.694345 1616.067840 900.838800
2.710658 1546.364160 861.861600
2.727234 1599.672960 865.587600
2.743694 1603.259520 857.703600
2.759965 1643.930880 833.598000
2.776516 1606.045440 779.878800
2.792895 1612.331520 763.840800
2.809343 1564.400640 856.299600
2.825718 1510.746240 1080.000000
2.842159 1510.746240 1080.000000
3.105116 1682.789760 1047.405600
3.121564 1672.648320 904.068000
3.137968 1672.648320 904.068000
3.154297 1611.110400 825.130800
3.170748 1678.978560 896.886000
3.187244 1668.480000 917.557200
3.203614 1608.593280 849.668400
3.220028 1593.571200 915.883200
3.236466 1587.156480 930.852000
3.252916 1719.962880 855.856800
3.269251 1703.483520 867.402000
3.285841 1703.483520 867.402000
3.302140 1672.239360 852.584400
3.318620 1662.875520 945.475200
3.335106 1662.875520 945.475200
3.351357 1679.992320 925.290000
3.367874 1684.928640 1002.240000
3.384370 1692.088320 988.696800
3.400591 1701.409920 888.818400
3.417189 1693.223040 855.478800
3.433642 1693.223040 855.478800
3.450082 1690.437120 934.254000
3.466471 1731.767040 876.268800
3.482937 1731.767040 876.268800
3.499230 1711.367040 822.517200
3.515646 1698.958080 848.242800
3.532201 1691.765760 863.298000
3.548627 1667.345280 897.512400
3.565032 1645.649280 936.014400
3.581495 1638.769920 950.583600
3.597968 1699.724160 926.910000
3.614344 1699.929600 939.891600
3.630751 1707.457920 925.192800
3.647205 1676.860800 911.098800
3.663592 1704.174720 894.844800
3.680113 1704.174720 894.844800
3.696536 1750.333440 933.886800
3.712910 1702.467840 1011.387600
3.729243 1694.960640 1025.125200
3.745764 1711.518720 991.083600
3.762119 1695.112320 953.197200
3.778579 1695.112320 953.197200
3.795118 1722.610560 955.638000
3.811446 1720.394880 955.972800
3.827932 1728.161280 941.468400
3.844307 1721.139840 926.834400
3.860679 1699.497600 963.262800
3.877147 1704.023040 956.080800
3.893529 1718.570880 936.694800
3.910081 1706.582400 943.812000
3.926454 1706.808960 943.380000
3.942967 1730.213760 957.430800
3.959365 1719.617280 756.097200
3.975819 1731.605760 728.740800
3.992188 1693.190400 818.985600
4.008645 1718.753280 749.347200
4.025095 1711.474560 765.298800
4.041470 1715.028480 834.256800
4.057900 1675.779840 882.446400
4.074357 1675.779840 882.446400
4.090645 1703.688960 933.346800
4.107241 1684.225920 895.266000
4.123569 1699.292160 864.151200
4.140075 1610.288640 870.242400
4.156515 1660.692480 867.909600
4.172911 1650.261120 891.745200
4.189336 1628.196480 901.713600
4.205788 1611.759360 880.383600
4.222240 1600.558080 904.629600
4.238605 1576.183680 907.848000
4.255010 1603.313280 980.823600
4.271387 1600.450560 988.081200
4.287865 1571.842560 913.194000
4.304349 1569.552000 905.191200
4.320693 1572.046080 897.199200
4.337184 1574.292480 874.011600
4.353570 1565.944320 882.900000
4.370079 1563.515520 890.805600
4.386418 1585.493760 1013.223600
4.402894 1577.694720 943.131600
4.419373 1586.346240 921.553200
4.435835 1684.561920 882.457200
4.452195 1692.683520 867.974400
4.468640 1696.581120 860.986800
4.485114 1666.558080 886.269600
4.501486 1672.120320 858.146400
4.517849 1679.041920 843.177600
4.534280 1748.734080 895.849200
4.550737 1705.480320 908.841600
4.567243 1701.204480 916.056000
4.583648 1710.405120 962.766000
4.600231 1697.358720 871.754400
4.616330 1690.068480 886.788000
