0.000000 62.601620 0.212909
0.016491 49.006938 -0.432514
0.032900 25.113047 -0.947889
0.049408 -1.093745 -1.139156
0.065804 -14.810284 -0.812251
0.082157 -0.123021 0.226888
0.098601 0.738744 0.215786
0.114996 1.494709 0.000000
0.131439 2.337620 0.000000
0.147882 2.372697 0.000000
0.164297 1.407776 0.000000
0.180768 -0.499211 0.000000
0.197215 -1.869165 0.000000
0.213638 -1.592437 0.000000
0.230035 -2.880074 0.000000
0.246464 -4.168920 0.000000
0.262937 -4.179432 0.000000
0.279383 -3.515986 0.000000
0.295673 -2.434874 0.000000
0.312128 -4.404622 -4.028196
0.328625 -0.872880 0.744327
0.345056 -2.667498 -0.886278
0.361437 10.265046 12.183666
0.377951 26.698265 29.174661
0.394309 40.093793 41.672770
0.410770 46.598411 44.430756
0.427027 42.001978 38.111579
0.443667 28.250459 25.577932
0.460089 12.569238 9.321495
0.476459 0.144255 1.850088
0.492909 -10.586346 -3.314170
0.509337 -3.129406 6.221694
0.525758 -1.785770 4.390879
0.542010 1.199191 -0.126726
0.558623 3.741130 -2.797603
0.574958 1.917253 -3.553770
0.591498 4.941217 1.138151
0.607915 -0.330484 -4.710077
0.624231 -17.788010 -7.113568
0.640615 -28.696200 -12.231074
0.657091 -38.669240 -15.378242
0.673626 -51.024361 -12.201124
0.690050 -55.994231 -2.976153
0.706603 -53.263805 8.239378
0.722982 -42.371989 11.721521
0.739332 -26.794123 6.920809
0.755790 -19.296504 -4.856139
0.772167 -9.287794 -7.725142
0.788595 4.233199 -13.945225
0.805005 1.070233 -4.809266
0.821446 -4.511106 10.287696
0.837844 -7.243693 23.971003
0.854339 -8.689708 29.989698
0.870718 -7.976066 26.895645
0.887276 -5.704218 20.035146
0.903642 -3.452791 9.708309
0.920060 0.099218 -1.945441
0.936500 2.397664 -6.606881
0.952847 -0.031432 -2.775914
0.969417 0.348524 -1.436727
0.985757 0.895203 0.747464
1.002168 0.994396 -0.845712
1.018600 -0.914599 -1.998179
1.035088 -2.549116 -1.789856
1.051556 -3.639322 -3.321873
1.067938 -3.810795 -3.805456
1.084402 -4.645002 -4.435145
1.100799 -4.190057 -6.006053
1.117250 -3.242163 -4.531609
1.133611 -2.367213 -1.826002
1.149918 -1.849058 -2.146260
1.166503 2.377991 -0.690396
1.182976 7.929655 -2.097988
1.199287 9.949700 -2.889409
1.215787 9.530408 -2.714123
1.232192 8.175655 -2.385012
1.248664 4.439854 -1.108765
1.265154 1.303669 1.463515
1.281452 -5.469899 10.016876
1.297881 -0.545887 8.041915
1.314383 15.045299 -9.439644
1.330754 28.539273 -31.510587
1.347176 36.008571 -48.271561
1.610012 37.243358 -55.488995
1.626446 29.670356 -49.489373
1.642852 16.778733 -32.599172
1.659377 4.751387 -10.762931
1.675680 -4.005995 6.463035
1.692015 -0.411043 5.287004
1.708622 1.932055 -0.432064
1.725059 1.667133 -0.584005
1.741508 1.088807 -0.361268
1.757947 0.833829 0.368641
1.774347 0.913443 0.000000
1.790650 0.917163 0.000000
1.807143 0.801192 0.000000
1.823620 0.809337 0.000000
1.840044 0.362412 0.000000
1.856442 -0.009140 0.000000
1.872881 -0.441048 0.000000
1.889323 -0.981742 0.000000
1.905732 -0.528642 0.000000
1.922109 0.355444 0.000000
1.938635 0.237969 0.000000
1.955094 0.738770 0.000000
1.971432 1.235433 0.000000
1.987908 0.445036 0.000000
2.004346 -0.950629 0.000000
2.020715 -2.719977 0.000000
2.037240 -3.264976 0.000000
2.053634 -2.465104 0.000000
2.069925 -1.572935 0.000000
2.086349 -1.287264 0.000000
2.102832 0.261309 0.000000
2.119237 1.400547 0.000000
2.135644 1.053578 0.000000
2.152147 0.391908 0.000000
2.168558 -0.480377 0.000000
2.185068 0.280673 0.000000
2.201419 0.415591 0.000000
2.217896 0.696786 0.000000
2.234275 0.274338 0.000000
2.250579 0.474809 0.000000
2.267108 0.658864 0.000000
2.283468 -0.784579 0.000000
2.299981 -1.450780 0.000000
2.316503 -1.142346 0.000000
2.332827 0.313521 0.000000
2.349219 0.089324 0.000000
2.365727 -1.061387 0.000000
2.381998 -0.721123 0.000000
2.398620 0.435761 0.000000
2.414970 0.908976 0.000000
2.431348 1.245233 0.000000
2.447742 2.245105 0.000000
2.464340 1.741864 0.000000
2.480731 1.275136 0.000000
2.497202 -0.020057 0.000000
2.513504 -0.804902 0.000000
2.530003 0.212376 0.000000
2.546395 0.376287 0.000000
2.562863 1.178908 0.000000
2.579176 1.242044 0.000000
2.595745 0.669099 0.000000
2.612167 0.850614 0.000000
2.628540 0.402519 0.000000
2.645039 -0.951636 0.000000
2.661543 -1.589787 0.000000
2.677850 -1.249918 0.000000
2.694275 -1.286720 0.000000
2.710744 -1.976426 0.000000
2.727219 -1.549437 0.000000
2.743677 -0.432586 0.000000
2.759998 0.644502 0.000000
2.776439 -0.133021 0.000000
2.792937 -0.298700 0.000000
2.809268 -0.859221 0.000000
2.825776 -0.942375 0.000000
2.842102 -0.781009 0.000000
2.858622 0.212201 0.000000
2.874981 1.691094 0.000000
2.891392 1.376105 0.000000
2.907907 0.609835 0.000000
2.924332 -0.501016 0.000000
2.940775 -0.820455 0.000000
2.957205 -1.461414 0.000000
2.973609 -0.963342 0.000000
2.990057 0.117570 0.000000
3.006471 0.989683 0.000000
3.022875 2.692848 0.000000
3.039213 2.936615 0.000000
3.055828 2.386540 0.000000
3.072165 1.019479 0.000000
3.088622 -0.615817 0.000000
3.105082 -0.887473 0.000000
3.121458 -0.891206 0.000000
3.137862 -1.245175 0.000000
3.154357 -1.824929 0.000000
3.170769 -1.914369 0.000000
3.187163 -3.000669 0.000000
3.203654 -2.900189 0.000000
3.220033 -2.243621 0.000000
3.236468 -0.162386 0.000000
3.252828 1.372505 0.000000
3.269291 2.390520 0.000000
3.285594 2.777711 0.000000
3.302093 2.695160 0.000000
3.318567 1.223182 0.000000
3.335055 -0.130878 0.000000
3.351422 -0.962455 0.000000
3.367924 -1.310227 0.000000
3.384254 -0.430420 0.000000
3.400791 0.641196 0.000000
3.417159 1.560643 -0.039332
3.433649 0.990608 0.038545
3.450063 0.419428 0.069749
3.466403 -0.797414 0.065947
3.482980 -0.895193 0.038808
3.499321 -1.317316 0.000000
3.515778 -0.799446 -0.038808
3.532198 0.126029 -0.065947
3.548621 -0.107144 -0.069749
3.565058 0.386467 -0.038545
3.581464 1.456227 0.039332
3.597878 2.485421 0.000000
3.614278 3.756645 0.000000
3.630746 3.050814 0.000000
3.647188 0.929827 0.000000
3.663585 -1.612999 0.000000
3.680023 -4.036458 0.000000
3.696417 -4.549383 0.000000
3.712917 -2.819353 0.000000
3.729351 -1.316635 0.000000
3.745803 -0.896017 0.000000
3.762166 1.115260 0.000000
3.778594 1.167631 0.000000
3.795024 1.050920 0.000000
3.811489 1.828043 0.000000
3.827750 2.780006 0.000000
3.844224 4.819509 0.000000
3.860760 2.274264 0.000000
3.877100 -1.840932 0.000000
3.893662 -6.063102 0.000000
3.909966 -6.248158 0.000000
3.926398 -6.187665 0.000000
3.942873 -3.178644 0.000000
3.959344 0.823318 0.000000
3.975808 2.797351 0.000000
3.992206 2.371505 0.000000
4.008651 -1.202331 0.000000
4.024993 -2.185094 0.000000
4.041455 -2.211261 0.000000
4.057889 -1.425714 0.000000
4.074346 0.327238 0.000000
4.090714 2.662678 0.000000
4.107204 3.783732 0.000000
4.123541 3.883621 0.000000
4.139915 2.745379 0.000000
4.156387 2.036617 0.000000
4.172822 0.727927 -0.104268
4.189142 0.179520 0.102183
4.205598 -0.621293 0.184902
4.222142 0.362037 0.174823
4.238590 0.218846 0.102878
4.255065 -0.635120 0.000000
4.271427 -1.387113 -0.102878
4.287871 -0.825403 -0.174823
4.304267 -0.180882 -0.184902
4.320772 -0.739796 -0.102183
4.337229 -1.414348 0.104268
4.353551 -3.391138 0.000000
4.369984 -3.177825 0.000000
4.386465 -1.806497 0.000000
4.402874 -2.104632 0.000000
4.419257 0.185764 0.000000
4.435642 3.820365 0.000000
4.452066 4.686353 0.000000
4.468634 3.593309 0.000000
4.485054 0.341860 0.000000
4.501375 -1.589325 -0.014499
4.517963 -1.387680 0.014209
4.534355 -0.299070 0.025711
4.550577 -0.404195 0.024310
4.567182 2.269469 0.014306
4.583550 2.262523 0.000000
4.600102 0.399806 -0.014306
4.616487 -0.967000 -0.024310
4.632959 -1.460910 -0.025711
4.649265 0.351167 -0.014209
4.665648 15.210526 0.014499
4.682183 2.238555 0.000000
4.698624 -22.864689 0.000000
4.714967 -45.445631 0.000000
4.731374 -59.275132 0.000000
