0.000000 1715.752320 965.898000
0.016086 1769.276160 981.352800
0.032493 1735.365120 876.366000
0.048914 1745.840640 852.768000
0.065481 1422.314880 482.457600
0.081771 1229.136000 216.021600
0.098260 1225.691520 263.498400
0.114674 995.715840 0.000000
0.131003 945.711360 0.000000
0.147479 947.397120 0.000000
0.163969 950.290560 9.676800
0.180412 924.510720 74.995200
0.196810 922.513920 48.362400
0.213196 972.343680 0.000000
0.229576 999.085440 0.000000
0.246076 997.941120 0.000000
0.262520 881.462400 0.000000
0.278950 950.582400 0.000000
0.295392 953.477760 0.000000
0.311778 969.146880 20.876400
0.328232 1021.754880 20.703600
0.344506 1022.088960 8.910000
0.361189 921.390720 0.000000
0.377506 947.687040 0.000000
0.393968 946.262400 0.000000
0.410433 933.335040 0.000000
0.426817 930.084480 0.000000
0.443154 931.931520 0.000000
0.459630 957.569280 0.000000
0.476065 950.615040 0.000000
0.492541 950.615040 0.000000
0.508923 531.077760 303.307200
0.525314 331.029120 861.202800
0.541841 309.386880 824.914800
0.558237 202.984320 989.388000
0.574645 195.749760 926.996400
0.591028 195.749760 926.996400
0.607543 118.419840 951.372000
0.623872 283.866240 972.648000
0.640420 306.362880 1004.605200
0.656774 260.117760 993.621600
0.673218 256.346880 971.600400
0.689703 245.656320 956.890800
0.706055 255.678720 949.352400
0.722664 251.195520 878.526000
0.738939 251.195520 878.526000
0.755365 234.207360 836.794800
0.771756 228.462720 826.308000
0.788124 239.283840 842.724000
0.804586 262.698240 1035.622800
0.821072 252.622080 1080.000000
0.837398 241.822080 1075.582800
0.853881 238.851840 1058.076000
0.870323 314.895360 1037.858400
0.886743 314.895360 1037.858400
0.903167 202.951680 1046.325600
0.919694 209.658240 963.619200
0.936144 229.812480 990.068400
0.952539 299.504640 997.239600
0.968978 231.054720 987.541200
0.985311 231.054720 987.541200
1.001831 336.138240 1024.099200
1.018165 253.032960 988.837200
1.034796 244.197120 976.903200
1.051089 276.305280 989.139600
1.067564 251.162880 953.586000
1.083854 251.162880 953.586000
1.100435 263.022720 874.584000
1.116864 249.845760 844.754400
1.133288 234.305280 820.940400
1.149644 271.305600 836.524800
1.166083 123.832320 793.951200
1.182581 117.189120 784.879200
1.198973 186.168960 835.552800
1.215397 253.280640 894.704400
1.231893 269.902080 918.313200
1.248244 266.424960 946.803600
1.264658 197.886720 862.196400
1.281101 184.116480 845.575200
1.297443 167.550720 803.250000
1.313918 228.969600 945.972000
1.330297 245.817600 967.917600
1.346768 219.972480 1033.225200
1.363227 224.693760 995.457600
1.379656 214.961280 982.843200
1.396181 272.062080 1028.052000
1.412514 265.701120 1042.502400
1.428923 251.304960 1022.716800
1.445350 222.792960 1005.782400
1.461790 213.569280 917.589600
1.478315 207.229440 910.299600
1.494609 176.200320 948.985200
1.511076 232.944000 1019.973600
1.527609 253.939200 1046.790000
1.543914 198.664320 969.051600
1.560392 253.754880 1023.451200
1.576792 264.318720 1037.221200
1.593154 267.536640 1003.924800
1.609645 307.539840 1079.265600
1.626088 293.456640 1059.534000
1.642446 193.718400 894.780000
1.658980 235.774080 1002.056400
1.675397 228.981120 994.626000
1.691790 160.356480 908.841600
1.708238 241.324800 932.223600
1.724668 262.880640 962.496000
1.741084 313.954560 1080.000000
1.757409 247.405440 983.448000
1.773874 247.405440 983.448000
1.790254 252.082560 1066.089600
1.806894 314.981760 1010.512800
1.823282 311.049600 1003.849200
1.839580 213.924480 999.518400
1.856094 294.925440 1026.799200
1.872524 288.455040 1018.828800
1.889003 225.427200 977.130000
1.905314 188.188800 967.647600
1.921841 200.198400 982.994400
1.938272 300.714240 998.308800
1.954668 209.410560 950.864400
1.971164 209.410560 950.864400
1.987520 276.218880 1035.936000
2.003924 269.059200 1025.114400
2.020454 258.583680 1011.182400
2.036818 235.223040 957.279600
2.053186 245.525760 949.719600
2.069734 235.201920 935.355600
2.086164 243.830400 943.466400
2.102586 211.668480 913.237200
2.118954 215.512320 918.712800
2.135445 284.826240 975.304800
2.151784 202.456320 998.978400
2.168143 219.131520 1019.725200
2.184662 287.268480 1080.000000
2.201073 303.035520 1079.449200
2.217509 294.159360 1067.860800
2.233862 207.098880 900.828000
2.250314 201.083520 940.183200
2.266829 201.083520 940.183200
2.283135 269.199360 1018.710000
2.299645 339.874560 1052.665200
2.315926 349.367040 1066.068000
2.332566 285.043200 1080.000000
2.348891 560.248320 1032.480000
2.365408 560.248320 1032.480000
2.381805 1290.241920 1080.000000
2.398206 1570.243200 1060.851600
2.414705 1570.243200 1060.851600
2.431059 1522.464000 1048.096800
2.447412 1508.520960 1080.000000
2.464017 1508.520960 1080.000000
2.480438 1570.848000 1080.000000
2.496787 1578.764160 1080.000000
2.513271 1581.442560 1080.000000
2.529687 1544.787840 1080.000000
2.545977 1548.762240 1080.000000
2.562495 1538.772480 1080.000000
2.578899 1606.099200 1080.000000
2.595399 1602.190080 963.057600
2.611839 1599.133440 972.529200
2.628269 1668.825600 1080.000000
2.644697 1688.622720 1080.000000
2.661166 1707.056640 1062.763200
2.677452 1677.972480 1058.464800
2.693960 1694.897280 1069.070400
2.710312 1697.510400 1061.748000
2.726827 1697.736960 938.433600
2.743145 1640.292480 1066.748400
2.759712 1632.829440 1080.000000
2.775992 758.613120 877.575600
2.792423 429.406080 890.665200
2.808880 421.102080 875.005200
2.825345 250.968960 866.732400
2.841769 209.809920 818.391600
2.858266 199.119360 802.342800
2.874619 317.940480 990.100800
2.891062 279.492480 962.172000
2.907587 297.333120 987.649200
2.923991 254.284800 995.090400
2.940406 232.446720 1034.316000
2.956713 243.711360 1048.442400
2.973252 306.124800 1036.940400
2.989603 272.461440 991.623600
3.006014 263.821440 979.722000
3.022626 332.670720 1080.000000
3.038838 285.000960 1080.000000
3.055361 274.642560 1080.000000
3.071795 251.391360 1080.000000
3.088305 194.075520 982.281600
3.104679 194.075520 982.281600
3.121122 215.955840 1079.190000
3.137526 243.484800 1080.000000
3.153913 254.231040 1080.000000
3.170311 283.952640 1080.000000
3.186908 278.703360 1080.000000
3.203235 268.323840 1080.000000
3.219689 227.652480 1048.161600
3.236069 184.085760 991.299600
3.252586 184.085760 991.299600
3.268842 200.835840 1035.039600
3.285339 214.237440 1033.074000
3.301753 220.231680 1039.867200
3.318191 239.704320 1008.568800
3.334640 216.138240 1080.000000
3.351110 202.876800 1080.000000
3.367420 226.496640 1019.390400
3.383888 283.562880 995.652000
3.400335 295.077120 1008.190800
3.416785 242.307840 1037.934000
3.433183 243.377280 945.680400
3.449518 238.193280 939.837600
3.466046 281.458560 1051.131600
3.482513 402.677760 1080.000000
3.498936 403.054080 1080.000000
3.778195 237.621120 766.454400
3.794607 247.837440 782.956800
3.811142 274.826880 706.244400
3.827477 230.912640 665.366400
3.843983 241.616640 683.920800
3.860355 246.670080 842.810400
3.876789 233.333760 767.275200
3.893268 233.333760 767.275200
3.909710 251.475840 745.902000
3.926102 249.089280 768.592800
3.942463 238.473600 751.204800
3.959019 271.597440 772.653600
3.975366 245.493120 828.630000
3.991795 245.493120 828.630000
4.008269 240.385920 841.114800
4.024689 269.005440 850.230000
4.041007 279.319680 866.322000
4.057545 254.728320 809.719200
4.073909 293.176320 897.890400
4.090270 293.176320 897.890400
4.106712 302.787840 946.360800
4.123192 229.962240 823.640400
4.139714 229.962240 823.640400
4.156043 237.285120 854.917200
4.172461 266.413440 824.137200
4.188948 266.413440 824.137200
4.205439 294.245760 798.444000
4.221860 300.282240 822.204000
4.238145 300.282240 822.204000
4.254622 291.285120 1036.702800
4.271020 284.048640 1080.000000
4.287372 284.048640 1080.000000
4.303913 227.879040 1044.932400
4.320355 192.842880 961.966800
4.336736 192.842880 961.966800
4.353199 236.033280 1010.394000
4.369564 277.180800 966.654000
4.385979 272.440320 959.364000
4.402466 291.383040 1023.159600
4.418852 186.848640 940.248000
4.435350 183.868800 937.753200
4.451792 269.253120 998.794800
4.468126 228.385920 1047.870000
4.484639 249.878400 1074.427200
4.501092 264.804480 1080.000000
4.517467 267.265920 1003.298400
4.533899 263.464320 996.904800
4.550371 275.473920 1064.329200
4.566779 316.245120 1080.000000
4.583275 307.420800 1079.362800
4.599586 309.256320 1066.921200
4.616055 229.240320 1080.000000
4.632439 218.181120 1080.000000
4.648933 232.586880 930.063600
4.665271 208.373760 1049.079600
4.681767 197.541120 1036.022400
4.698208 205.975680 1051.239600
4.714613 290.302080 1080.000000
4.731029 303.327360 1080.000000
4.747371 240.481920 1080.000000
