0.000000 128.280960 759.477600
0.016348 183.868800 989.463600
0.032752 203.783040 874.454400
0.049175 203.783040 874.454400
0.065628 157.862400 944.092800
0.082026 170.789760 972.334800
0.098453 182.357760 986.774400
0.114893 198.080640 955.638000
0.131437 209.950080 910.764000
0.147803 203.016960 901.648800
0.164206 235.547520 899.294400
0.180556 146.284800 830.606400
0.197069 152.344320 837.205200
0.213443 152.127360 893.041200
0.229901 330.263040 728.341200
0.246414 334.830720 738.525600
0.262741 814.460160 99.165600
0.279207 834.558720 18.586800
0.295510 833.197440 0.000000
0.312166 909.024000 49.993200
0.328542 892.164480 0.000000
0.344918 885.511680 0.000000
0.361365 937.881600 0.000000
0.377834 822.407040 0.000000
0.394179 826.124160 0.000000
0.410675 900.416640 0.000000
0.427051 855.217920 11.772000
0.443506 860.229120 53.125200
0.459860 973.585920 0.000000
0.476423 953.045760 0.000000
0.492796 952.462080 0.000000
0.509133 934.533120 0.000000
0.525580 922.254720 0.000000
0.542098 924.328320 0.000000
0.558563 983.975040 25.628400
0.574882 954.449280 11.188800
0.591333 954.449280 11.188800
0.607791 925.082880 0.000000
0.624234 962.375040 0.000000
0.640650 962.375040 0.000000
0.657080 1004.108160 72.392400
0.673544 975.486720 0.000000
0.689970 972.971520 0.000000
0.706343 1510.919040 700.412400
0.722704 1605.753600 1080.000000
0.739152 1610.332800 1080.000000
0.755509 1692.034560 1052.416800
0.772011 1673.988480 999.853200
0.788571 1685.402880 980.942400
0.804927 1724.565120 1026.378000
0.821338 1695.642240 1054.587600
0.837859 1694.215680 1051.898400
0.854172 1708.191360 1043.982000
0.870547 1660.024320 1080.000000
0.887048 1643.164800 1080.000000
0.903440 1654.730880 1080.000000
0.919857 1614.781440 1080.000000
0.936311 1613.917440 1080.000000
0.952792 1663.188480 1080.000000
0.969115 1644.276480 1080.000000
0.985516 1651.438080 1080.000000
1.002082 1627.872000 1080.000000
1.018379 1619.911680 1046.347200
1.034838 1619.911680 1046.347200
1.051368 1662.161280 1080.000000
1.067841 1662.011520 1080.000000
1.084161 1662.011520 1080.000000
1.100614 1710.416640 1080.000000
1.117129 1742.158080 1080.000000
1.133383 1750.258560 1080.000000
1.149830 1769.481600 1001.656800
1.166302 1699.011840 960.951600
1.182730 1696.872960 968.176800
1.199231 1798.467840 981.979200
1.215601 1781.297280 1016.355600
1.232122 1781.869440 1015.448400
1.248560 1464.683520 480.913200
1.264955 1119.914880 25.714800
1.281258 1118.469120 38.599200
1.297746 997.962240 0.000000
1.314283 1020.739200 0.000000
1.330707 1021.495680 0.000000
1.347096 983.921280 0.000000
1.363533 976.546560 0.000000
1.379904 976.448640 0.000000
1.396268 1032.024960 0.000000
1.412664 1039.941120 0.000000
1.429063 1040.396160 0.000000
1.445652 1012.304640 0.000000
1.462071 1000.748160 0.000000
1.478315 998.924160 0.000000
1.494930 966.706560 0.000000
1.511176 929.760000 0.000000
1.527822 931.628160 0.000000
1.544180 930.289920 0.000000
1.560580 995.650560 0.000000
1.577073 995.120640 0.000000
1.593487 1001.310720 0.000000
1.609918 982.225920 0.000000
1.626338 982.312320 0.000000
1.642842 1000.110720 0.000000
1.659240 957.851520 0.000000
1.675617 957.851520 0.000000
1.692101 982.356480 0.000000
1.708406 967.895040 0.000000
1.724945 967.895040 0.000000
1.741300 991.244160 0.000000
1.757790 984.817920 0.000000
1.774187 985.747200 0.000000
1.790709 921.659520 0.000000
1.807063 941.748480 0.000000
1.823448 943.551360 0.000000
1.839888 970.767360 0.000000
1.856463 947.861760 0.000000
1.872807 947.861760 0.000000
1.889221 940.938240 0.000000
1.905676 996.526080 36.590400
1.922088 996.526080 36.590400
1.938562 1008.232320 48.589200
1.954933 1004.928000 87.782400
1.971353 1004.106240 65.912400
1.987778 962.311680 93.128400
2.004195 977.441280 17.064000
2.020533 977.441280 17.064000
2.037116 976.469760 0.000000
2.053481 947.784960 0.000000
2.069969 947.600640 0.000000
2.086280 965.139840 0.000000
2.102776 1006.298880 0.000000
2.119308 1004.722560 0.000000
2.135539 960.551040 0.000000
2.152115 982.788480 0.000000
2.168546 984.040320 0.000000
2.184730 948.574080 0.000000
2.201350 966.113280 0.000000
2.217836 966.113280 0.000000
2.234142 965.130240 0.000000
2.250606 926.282880 0.000000
2.267048 926.282880 0.000000
2.283473 943.032960 0.000000
2.299929 906.011520 0.000000
2.316416 903.828480 0.000000
2.332764 949.405440 0.000000
2.349071 968.110080 0.000000
2.365576 968.110080 0.000000
2.381946 916.335360 0.000000
2.398435 984.731520 0.000000
2.414928 984.731520 0.000000
2.431294 923.312640 0.000000
2.447799 945.279360 0.000000
2.464214 945.279360 0.000000
2.480517 967.192320 0.000000
2.496938 997.584000 0.000000
2.513480 998.653440 0.000000
2.529922 958.346880 0.000000
2.546319 954.351360 0.000000
2.562773 955.605120 0.000000
2.579099 990.153600 0.000000
2.595596 932.307840 8.240400
2.612052 932.211840 20.185200
2.628429 1005.889920 14.050800
2.644868 1000.488960 0.000000
2.661342 999.690240 0.000000
2.677832 949.944960 0.000000
2.694111 1013.838720 0.000000
2.710510 1011.840000 0.000000
2.727047 951.381120 0.000000
2.743531 967.105920 0.000000
2.759890 969.936000 0.000000
2.776224 1005.780480 0.000000
2.792773 933.788160 0.000000
2.809207 933.788160 0.000000
2.825666 536.910720 302.940000
2.842049 335.230080 892.220400
2.858523 335.230080 892.220400
2.874923 270.236160 930.862800
2.891313 263.258880 979.959600
2.907710 252.890880 961.545600
2.924156 291.383040 1012.122000
2.940662 264.739200 860.824800
2.957097 253.983360 846.925200
2.973522 241.658880 786.996000
2.989942 256.379520 884.088000
3.006283 276.188160 913.226400
3.022713 340.901760 896.238000
3.039175 319.192320 879.498000
3.055634 301.274880 850.402800
3.071993 282.829440 799.027200
3.088443 288.683520 800.269200
3.104861 284.709120 791.456400
3.121292 202.078080 864.453600
3.137775 240.449280 819.774000
3.154173 244.283520 826.826400
3.170676 303.327360 681.555600
3.187100 686.737920 371.098800
3.203494 696.620160 416.350800
3.219884 886.419840 73.332000
3.236174 904.596480 40.521600
3.252762 904.596480 40.521600
3.269242 876.516480 49.734000
3.285595 894.994560 82.555200
3.302026 892.629120 55.987200
3.318456 887.585280 43.329600
3.334882 920.613120 0.000000
3.351174 920.613120 0.000000
3.367769 896.019840 0.000000
3.384131 912.554880 85.654800
3.400648 912.554880 85.654800
3.417057 954.869760 0.000000
3.433459 960.789120 0.000000
3.449827 960.789120 0.000000
3.466346 983.944320 0.000000
3.482649 955.733760 0.000000
3.499031 955.551360 0.000000
3.515608 971.038080 0.000000
3.532062 963.381120 0.000000
3.548499 961.749120 0.000000
3.564922 943.983360 0.000000
3.581267 941.811840 0.000000
3.597805 946.640640 0.000000
3.614171 918.906240 0.000000
3.630507 973.726080 71.636400
3.647029 975.390720 83.905200
3.663371 936.541440 91.951200
3.679922 941.823360 25.833600
3.696321 938.712960 0.000000
3.712741 953.445120 0.000000
3.729209 965.994240 0.000000
3.745617 966.781440 0.000000
3.762103 968.035200 0.000000
3.778520 950.365440 114.372000
3.794945 950.096640 84.207600
3.811418 1012.239360 23.284800
3.827709 981.352320 0.000000
3.844094 976.663680 0.000000
3.860609 911.076480 0.000000
3.877012 963.672960 0.000000
3.893430 964.254720 0.000000
3.909904 961.317120 0.000000
3.926269 963.888000 0.000000
3.942770 967.743360 31.266000
3.959159 945.732480 0.000000
3.975650 968.780160 100.278000
3.992067 970.152960 113.302800
4.008448 963.444480 167.000400
4.024803 957.062400 86.043600
4.041199 952.677120 12.733200
4.057718 974.947200 0.000000
4.074197 998.707200 0.000000
4.090716 998.707200 0.000000
4.107071 953.412480 0.000000
4.123539 959.374080 0.000000
4.139815 960.896640 0.000000
4.156305 951.371520 0.086400
4.172738 971.264640 0.000000
4.189186 971.264640 0.000000
4.205544 939.037440 0.000000
4.222112 1006.289280 38.739600
4.238461 1006.289280 38.739600
4.254908 954.384000 0.000000
4.271368 1004.906880 0.000000
4.287730 1003.902720 0.000000
4.304216 945.323520 0.000000
4.320627 929.879040 0.000000
4.336906 929.879040 0.000000
4.353449 943.854720 0.000000
4.369971 959.136000 0.000000
4.386212 960.679680 0.000000
4.402692 907.608960 0.000000
4.419168 1009.107840 0.000000
4.435656 1009.107840 0.000000
4.451940 936.218880 0.000000
4.468368 978.996480 0.000000
4.484857 977.723520 0.000000
