0.000000 4.004999
0.016401 4.003772
0.032871 4.002547
0.049388 4.001329
0.065861 4.000120
0.082542 3.998924
0.098830 3.997743
0.115242 3.996582
0.131591 3.995441
0.148422 3.994326
0.164762 3.993237
0.181346 3.992178
0.197648 3.991152
0.213878 3.990160
0.230583 3.989204
0.247016 3.988288
0.263356 3.987412
0.279640 3.986579
0.296318 3.985789
0.312461 3.985045
0.329220 3.984348
0.345322 3.983699
0.361983 3.983097
0.377836 3.982545
0.394638 3.982042
0.411051 3.981589
0.427574 3.981184
0.443948 3.980828
0.460484 3.980520
0.476919 3.980258
0.493381 3.980040
0.509752 3.979867
0.526213 3.979734
0.542713 3.979641
0.559048 3.979586
0.575555 3.979567
0.591786 3.979581
0.608286 3.979627
0.624740 3.979703
0.641294 3.979807
0.657491 3.979938
0.674116 3.980093
0.690419 3.980272
0.706969 3.980472
0.723249 3.980692
0.739770 3.980931
0.755625 3.981187
0.772247 3.981460
0.789045 3.981747
0.805414 3.982049
0.822093 3.982362
0.838250 3.982686
0.854844 3.983019
0.870863 3.983360
0.887788 3.983707
0.903663 3.984059
0.920501 3.984414
0.936942 3.984770
0.953403 3.985126
0.969446 3.985480
0.986339 3.985830
1.002481 3.986175
1.019082 3.986513
1.034903 3.986843
1.051569 3.987163
1.068057 3.987472
1.084204 3.987768
1.100848 3.988050
1.117235 3.988317
1.133541 3.988568
1.150113 3.988802
1.166607 3.989018
1.182949 3.989215
1.199386 3.989393
1.215793 3.989552
1.232600 3.989690
1.248585 3.989808
1.265279 3.989905
1.281782 3.989982
1.298561 3.990038
1.314663 3.990072
1.331284 3.990085
1.347243 3.990075
1.363745 3.990043
1.380300 3.989986
1.396902 3.989905
1.413242 3.989796
1.429820 3.989660
1.446257 3.989493
1.462494 3.989294
1.479071 3.989060
1.495271 3.988789
1.512098 3.988477
1.528175 3.988122
1.544819 3.987721
1.561076 3.987269
1.577672 3.986763
1.594014 3.986199
1.610541 3.985573
1.626881 3.984881
1.643209 3.984118
1.659374 3.983281
1.676221 3.982365
1.692605 3.981366
1.709153 3.980280
1.725561 3.979103
1.741727 3.977830
1.758340 3.976458
1.774590 3.974984
1.791303 3.973404
1.807546 3.971716
1.824067 3.969918
1.840346 3.968006
1.857007 3.965981
1.873213 3.963841
1.889801 3.961585
1.906166 3.959214
1.922525 3.956729
1.938899 3.954131
1.955515 3.951424
1.971899 3.948609
1.988196 3.945690
2.004685 3.942673
2.020680 3.939563
2.037653 3.936366
2.053993 3.933089
2.070465 3.929739
2.086666 3.926324
2.103300 3.922854
2.119663 3.919339
2.136177 3.915787
2.152628 3.912210
2.169201 3.908618
2.185293 3.905023
2.201683 3.901435
2.218079 3.897867
2.234382 3.894329
2.250712 3.890834
2.267214 3.887393
2.283618 3.884017
2.299977 3.880718
2.316505 3.877506
2.332933 3.874393
2.349429 3.871389
2.365762 3.868503
2.382504 3.865744
2.398578 3.863121
2.415454 3.860642
2.431722 3.858314
2.448316 3.856142
2.464614 3.854134
2.480909 3.852292
2.497059 3.850621
2.514089 3.849123
2.530169 3.847800
2.546877 3.846653
2.563241 3.845681
2.579720 3.844884
2.596179 3.844260
2.612678 3.843805
2.629072 3.843517
2.645306 3.843392
2.661980 3.843423
2.678175 3.843607
2.694756 3.843936
2.711001 3.844403
2.727628 3.845003
2.743806 3.845728
2.760469 3.846568
2.776735 3.847518
2.793295 3.848567
2.809725 3.849708
2.825956 3.850933
2.842612 3.852232
2.859076 3.853597
2.875447 3.855020
2.891660 3.856493
2.908355 3.858007
2.924533 3.859556
2.941254 3.861132
2.957126 3.862729
2.974058 3.864341
2.990322 3.865962
3.006900 3.867588
3.023155 3.869214
3.039583 3.870838
3.056028 3.872457
3.072705 3.874070
3.088960 3.875676
3.105502 3.877275
3.121869 3.878868
3.138179 3.880457
3.154774 3.882044
3.170840 3.883632
3.187712 3.885226
3.203661 3.886829
3.220243 3.888447
3.236389 3.890086
3.253148 3.891752
3.269638 3.893450
3.285722 3.895187
3.302252 3.896970
3.319079 3.898806
3.335400 3.900702
3.351904 3.902664
3.368139 3.904700
3.384379 3.906815
3.400764 3.909017
3.417177 3.911311
3.433500 3.913703
3.450030 3.916198
3.466445 3.918802
3.482940 3.921517
3.499384 3.924348
3.515785 3.927298
3.532514 3.930368
3.548747 3.933561
3.565459 3.936876
3.581706 3.940312
3.598320 3.943870
3.614610 3.947546
3.631085 3.951337
3.647473 3.955239
3.663430 3.959247
3.680082 3.963355
3.697075 3.967555
3.713050 3.971839
3.729864 3.976199
3.746165 3.980624
3.762629 3.985103
3.778998 3.989625
3.795095 3.994177
3.811873 3.998745
3.828171 4.003316
3.844746 4.007874
3.861034 4.012404
3.877564 4.016890
3.893825 4.021315
3.910450 4.025662
3.926729 4.029916
3.943291 4.034058
3.959589 4.038072
3.975936 4.041940
3.992396 4.045647
4.009072 4.049176
4.025314 4.052511
4.041897 4.055636
4.058277 4.058536
4.074460 4.061197
4.091207 4.063605
4.107213 4.065746
4.124051 4.067609
4.140254 4.069180
4.156942 4.070449
4.173072 4.071406
4.189750 4.072041
4.205994 4.072345
4.222596 4.072312
4.238947 4.071933
4.255467 4.071205
4.271798 4.070121
4.287944 4.068678
4.304713 4.066874
4.321181 4.064708
4.337646 4.062178
4.353876 4.059286
4.370443 4.056034
4.386690 4.052425
4.403045 4.048464
4.419203 4.044156
4.436325 4.039508
4.452266 4.034529
4.468530 4.029227
4.485466 4.023613
4.501931 4.017698
4.518018 4.011496
4.534408 4.005020
4.550522 3.998284
4.567139 3.991305
4.583519 3.984098
4.600050 3.976680
4.616388 3.969069
4.632975 3.961284
4.649351 3.953343
4.665920 3.945264
4.682504 3.937068
4.698785 3.928773
4.715416 3.920399
4.731742 3.911965
4.748249 3.903492
4.764521 3.895000
