0.000000 18.882173 65.308404
0.016340 15.904887 51.588599
0.032814 10.877028 26.232618
0.049488 3.735729 -1.416362
0.065738 -1.225853 -15.427902
0.082152 1.491326 0.534833
0.098822 0.432782 0.946901
0.114967 -1.787553 2.966182
0.131734 -1.542407 4.362984
0.148120 0.468994 4.814590
0.164825 2.555411 1.783830
0.180964 0.811509 2.560010
0.196975 -1.652633 3.640957
0.213913 0.764831 0.730582
0.230074 11.385688 -18.893091
0.246549 26.189361 -37.601941
0.263324 34.807608 -52.255791
0.443770 41.432398 -53.164947
0.460629 41.602281 -40.052492
0.476795 34.328013 -21.379916
0.493105 22.459817 3.369035
0.509627 13.642114 19.168601
0.526095 8.478399 22.743284
0.542512 6.740142 16.051414
0.558776 2.780990 13.636394
0.574895 -0.736946 7.523137
0.591634 1.482399 3.650909
0.608221 0.873075 -0.608309
0.624143 -4.095348 -10.645437
0.641164 1.778174 -4.290643
0.657322 9.779750 5.439859
0.673928 15.420162 15.628195
0.690260 19.117765 22.981920
0.706649 18.158191 24.541978
0.723165 14.012100 19.385524
0.739778 7.580514 8.505193
0.756122 2.084309 -3.654860
0.772469 0.475659 -13.048888
0.788912 3.879594 -5.645516
0.805401 0.379097 -0.812129
0.821871 -2.294528 4.024748
0.838019 -3.220002 9.431975
0.854795 -3.688208 13.068432
0.870830 -3.122138 15.316709
0.887535 -1.278564 12.332347
0.903710 2.014628 6.730930
0.920345 5.012312 0.538515
0.936580 5.614415 -5.491506
0.953162 5.807586 -10.250232
0.969537 3.344171 -11.341861
0.986150 1.239205 -7.730194
1.001969 -1.326651 -1.614047
1.018759 -3.220269 3.153802
1.035102 -2.647672 5.853080
1.051196 -1.665701 8.211017
1.068184 -2.396617 8.464835
1.084244 -2.263206 7.027404
1.100572 -2.535001 6.182058
1.117161 -1.662298 4.593124
1.133414 -0.384503 2.957552
1.149869 -0.313028 0.951251
1.166280 -0.982803 -1.116263
1.182713 0.560097 -2.652793
1.199349 0.440202 -4.426421
1.215711 1.009145 -6.307434
1.232119 2.125483 -4.737763
1.248850 0.867056 -4.730771
1.264971 0.123575 -3.952764
1.281553 -1.742200 -4.989165
1.298137 -3.453064 -6.284449
1.314674 -3.882169 -6.954211
1.330666 -2.563419 -6.336847
1.347147 -2.700560 -4.501198
1.363845 -2.193701 -2.095130
1.380107 -1.212159 2.181282
1.396654 -0.065467 3.566484
1.413217 0.776997 6.778180
1.429587 0.117954 5.650533
1.446148 0.188281 3.471288
1.462468 1.769995 -0.168118
1.478459 1.042652 -4.853771
1.495410 0.866256 -8.285279
1.511845 0.937907 -7.730521
1.528207 1.813028 -5.304029
1.544599 2.110707 -4.214009
1.561002 2.417518 -3.299252
1.577381 1.658011 -3.737519
1.593942 1.021126 -3.603428
1.610202 -1.925491 -2.490846
1.626760 -4.369061 1.767095
1.643024 -3.654697 6.425584
1.659676 -2.977066 8.975039
1.675910 -1.081929 7.351078
1.692363 -0.657302 5.336901
1.708853 -0.517999 4.339720
1.725421 -2.507789 0.444581
1.741762 -5.025106 -1.775441
1.758279 -6.617465 -0.828116
1.774636 -5.940340 -1.990741
1.790889 -4.398934 -4.879330
1.807569 -1.601779 -8.197193
1.823521 2.602211 -9.391417
1.840397 4.121589 -6.972286
1.856639 3.751633 -1.935846
1.873171 1.547615 0.442194
1.889494 0.141791 4.157075
1.906079 0.040577 2.568323
1.922408 1.536141 -2.694800
1.938913 3.419583 -6.753887
1.955144 3.928612 -9.854295
1.971797 4.352006 -6.913636
1.988072 0.479662 -0.546344
2.004603 -3.642584 6.836517
2.021037 -5.574196 10.754005
2.037216 -5.534478 10.807892
2.053828 -2.931772 5.417986
2.070374 -0.053078 -3.692870
2.086698 1.519315 -10.262911
2.102858 1.541076 -11.427088
2.119525 1.503778 -7.906984
2.135695 0.499408 -3.093646
2.152333 0.435945 2.060204
2.168707 1.484851 6.251932
2.184752 1.550310 8.063006
2.201514 1.255055 9.240257
2.218244 -1.402302 7.242596
2.234589 -3.797223 7.395620
2.250668 -5.062610 5.549013
2.267159 -2.363239 -0.905968
2.283443 0.054421 -6.632048
2.299871 1.498657 -10.602470
2.316348 2.500551 -8.563455
2.332810 1.852529 -3.427205
2.349238 0.016228 4.038860
2.365733 -2.604529 10.288479
2.382194 -3.220653 15.091051
2.398752 -1.633071 12.612767
2.415234 -0.097778 6.307789
2.431806 1.097032 -0.162643
2.447859 3.047312 -6.128909
2.464655 4.462447 -9.712042
2.480978 4.509388 -11.637191
2.497472 2.180335 -11.078798
2.513549 2.135497 -6.479942
2.530137 2.623940 0.824061
2.546623 2.992606 8.450014
2.562721 1.838018 13.126565
2.579605 3.257268 11.701987
2.596096 4.519879 7.342110
2.612141 3.736415 0.323663
2.628946 2.670762 -4.509480
2.645197 1.994392 -7.043723
2.661568 2.405037 -3.526778
2.678313 0.417586 0.864998
2.694594 -1.538482 1.889277
2.711060 -1.759685 3.619339
2.727271 -0.664256 6.873739
2.743898 -1.136660 9.505918
2.760199 -1.330541 10.420752
2.776798 -1.117209 10.443400
2.792942 -2.079899 8.761579
2.809628 -3.050613 6.314587
2.825889 -2.370188 1.976693
2.842508 -0.290736 -1.904554
2.858779 1.672475 -0.968122
2.875452 2.247392 -0.437124
2.891634 3.373956 0.096825
2.908177 2.770518 1.760483
2.924501 -0.624701 -0.111007
2.941018 -3.840423 -3.854091
2.957400 -4.429868 -7.043205
2.973536 -3.658806 -8.806921
2.990190 -2.735274 -9.432445
3.006571 0.067605 -7.404028
3.023298 2.891134 -4.417813
3.039408 4.144728 -1.365202
3.056000 3.138443 1.609616
3.072313 1.822656 -0.043782
3.088901 0.658796 -1.986314
3.105231 0.253723 -2.391169
3.121775 -0.292691 -1.585626
3.138039 0.049983 0.252761
3.154616 0.480731 2.735372
3.170961 0.568917 4.388731
3.187443 0.986508 6.365625
3.203836 1.401242 5.076654
3.220117 0.843558 1.465579
3.236712 0.012906 -0.416812
3.252784 -1.098125 2.014209
3.269432 -2.173520 4.421094
3.285678 -2.851289 4.797400
3.302132 -2.647053 4.810551
3.318451 0.240969 2.883597
3.335101 2.778299 0.746301
3.351317 4.237128 -3.923262
3.367678 3.897189 -4.249575
3.384408 2.406099 -2.108273
3.400421 0.799943 0.527422
3.417002 -0.912422 0.645898
3.433445 -2.100132 -1.605847
3.449882 -2.701194 -0.314585
3.466285 -0.966409 0.040251
3.482825 1.097369 0.605008
3.499295 1.719624 1.519860
3.515671 1.906289 4.369834
3.532207 1.507097 4.978964
3.548759 0.006231 3.306075
3.565108 -2.631261 1.284463
3.581760 -3.956629 0.153351
3.598202 -3.523961 1.299261
3.614546 -1.250871 0.019660
3.630959 1.048565 -0.482318
3.647522 1.344972 -0.000000
3.663870 2.341157 -0.000000
3.680293 1.818912 -0.000000
3.696456 1.122445 -0.000000
3.713143 -0.891833 -0.000000
3.729030 -3.846399 -0.000000
3.746113 -3.552321 -0.000000
3.762449 -2.037801 -0.000000
3.778502 0.563858 -0.000000
3.795321 2.177340 -0.000000
3.811777 4.218547 -0.000000
3.828134 4.110342 -0.000000
3.844479 3.129816 -0.000000
3.861132 0.193465 -0.000000
3.877342 -0.676216 -0.000000
3.893956 0.465507 -0.000000
3.910162 -0.604540 -0.000000
3.926773 -2.000148 -0.000000
3.942997 -1.585084 1.256462
3.959648 -1.519459 -0.127108
3.975971 -1.557588 -1.657246
3.992417 -2.380740 -3.908980
4.008827 -3.306856 -5.986931
4.024919 -3.548288 -6.252734
4.041757 -3.973268 -7.664822
4.058139 -3.077690 -5.778249
4.074642 -0.737531 -0.729169
4.090782 1.580383 0.661916
4.107440 2.410694 -1.633053
4.123479 4.086291 -3.887859
4.140342 4.805252 -6.790939
4.156558 4.244657 -7.949955
4.173194 1.934349 -6.051057
4.189451 -1.023387 -3.123419
4.206126 -3.501643 3.207871
4.222370 -5.648249 6.626305
4.238874 -6.761885 7.730646
4.255225 -5.369904 8.653358
4.271778 -3.698792 7.270030
4.288029 -1.606175 5.178700
4.304630 -0.147989 2.061668
4.320975 1.833024 -2.055810
4.337379 3.106810 -5.885492
4.353845 3.349200 -7.333015
4.370251 3.021559 -7.294104
4.386516 1.105671 -4.821868
4.402941 0.996469 -3.926072
4.419405 2.613648 -3.512218
4.435710 27.104792 8.780684
4.452452 3.269993 -2.605321
4.468632 -39.899847 -23.144755
4.484776 -81.398725 -41.579581
4.501545 -106.144878 -52.420183
