0.000000 292.160640 1042.264800
0.016340 350.415360 990.781200
0.032814 294.049920 1021.442400
0.049488 302.215680 1034.294400
0.065738 342.197760 1076.662800
0.082152 387.847680 1003.168800
0.098822 381.799680 992.109600
0.114967 336.666240 1014.811200
0.131734 337.585920 1080.000000
0.148120 337.585920 1080.000000
0.164825 349.205760 1080.000000
0.180964 378.656640 1080.000000
0.196975 378.656640 1080.000000
0.213913 375.903360 1080.000000
0.230074 373.948800 1080.000000
0.246549 380.190720 1080.000000
0.263324 525.419520 876.744000
0.443770 750.781440 560.682000
0.460629 999.377280 159.472800
0.476795 1087.720320 239.133600
0.493105 1088.843520 185.803200
0.509627 1313.483520 317.422800
0.526095 1317.210240 353.840400
0.542512 1318.602240 345.567600
0.558776 1325.310720 548.218800
0.574895 1353.909120 543.812400
0.591634 1351.662720 551.577600
0.608221 1375.929600 528.044400
0.624143 1351.716480 538.650000
0.641164 1353.951360 530.722800
0.657322 1363.413120 505.062000
0.673928 1383.651840 506.725200
0.690260 1387.518720 443.134800
0.706649 1717.080960 846.871200
0.723165 1644.785280 884.455200
0.739778 1650.693120 870.696000
0.756122 1693.514880 875.253600
0.772469 1699.163520 823.197600
0.788912 1705.480320 808.844400
0.805401 1715.082240 780.213600
0.821871 1739.316480 777.297600
0.838019 1728.516480 798.271200
0.854795 1652.820480 901.951200
0.870830 1683.815040 924.231600
0.887535 1661.136000 968.209200
0.903710 1677.367680 1033.074000
0.920345 1681.213440 1067.569200
0.936580 1691.560320 1054.458000
0.953162 1720.448640 978.901200
0.969537 1761.824640 953.640000
0.986150 1783.618560 911.098800
1.001969 1757.525760 860.706000
1.018759 1729.457280 902.264400
1.035102 1727.297280 909.846000
1.051196 1734.391680 956.718000
1.068184 1716.950400 989.074800
1.084244 1712.382720 995.025600
1.100572 1717.198080 1037.242800
1.117161 1672.615680 1068.789600
1.133414 1659.321600 1080.000000
1.149869 1715.740800 1080.000000
1.166280 1678.675200 1080.000000
1.182713 1690.371840 1080.000000
1.199349 1681.201920 1054.954800
1.215711 1665.208320 1047.632400
1.232119 1677.671040 1024.228800
1.248850 1740.981120 980.920800
1.264971 1695.285120 958.996800
1.281553 1695.285120 958.996800
1.298137 1679.441280 992.044800
1.314674 1674.754560 884.250000
1.330666 1667.345280 894.877200
1.347147 1642.949760 834.570000
1.363845 1636.392960 836.632800
1.380107 1625.592960 863.038800
1.396654 1632.299520 874.152000
1.413217 1631.598720 861.721200
1.429587 1625.399040 876.744000
1.446148 1643.510400 946.090800
1.462468 1636.241280 950.302800
1.478459 1637.343360 952.560000
1.495410 1630.410240 879.282000
1.511845 1668.026880 850.392000
1.528207 1681.774080 815.162400
1.544599 1617.060480 807.548400
1.561002 1680.370560 821.188800
1.577381 1684.529280 814.341600
1.593942 1694.853120 753.559200
1.610202 1691.159040 739.886400
1.626760 1681.752960 759.499200
1.643024 1647.905280 773.636400
1.659676 1633.088640 786.877200
1.675910 1612.373760 837.950400
1.692363 1653.824640 896.130000
1.708853 1622.774400 888.289200
1.725421 1622.881920 887.997600
1.741762 1619.297280 873.363600
1.758279 1574.110080 897.544800
1.774636 1574.110080 897.544800
1.790889 1522.193280 824.666400
1.807569 1509.882240 872.866800
1.823521 1521.361920 843.620400
1.840397 1532.313600 734.799600
1.856639 1566.408960 733.665600
1.873171 1569.379200 718.210800
1.889494 1601.562240 765.136800
1.906079 1551.872640 794.372400
1.922408 1548.675840 811.274400
1.938913 1582.878720 732.812400
1.955144 1601.281920 730.026000
1.971797 1620.938880 672.213600
1.988072 1637.667840 666.003600
2.004603 1616.142720 656.002800
2.021037 1604.532480 684.828000
2.037216 1597.944960 780.775200
2.053828 1532.712960 819.720000
2.070374 1530.078720 834.181200
2.086698 1559.141760 791.575200
2.102858 1576.830720 708.188400
2.119525 1591.163520 663.022800
2.135695 1567.866240 614.142000
2.152333 1561.040640 695.412000
2.168707 1557.930240 702.453600
2.184752 1602.599040 691.999200
2.201514 1604.868480 721.634400
2.218244 1586.691840 771.800400
2.234589 1585.643520 830.109600
2.250668 1558.924800 843.058800
2.267159 1557.530880 850.035600
2.283443 1520.175360 801.792000
2.299871 1533.102720 833.284800
2.316348 1549.658880 786.078000
2.332810 1594.003200 674.049600
2.349238 1565.425920 698.727600
2.365733 1555.403520 725.587200
2.382194 1553.892480 845.240400
2.398752 1537.810560 881.258400
2.415234 1522.625280 923.918400
2.431806 1536.157440 922.039200
2.447859 1552.001280 904.780800
2.464655 1569.206400 863.838000
2.480978 1552.778880 861.321600
2.497472 1608.130560 776.952000
2.513549 1619.934720 740.880000
2.530137 1614.620160 705.110400
2.546623 1610.711040 741.927600
2.562721 1599.836160 772.534800
2.579605 1678.880640 879.390000
2.596096 1668.825600 917.902800
2.612141 1666.513920 925.732800
2.628946 1663.004160 884.001600
2.645197 1718.603520 867.304800
2.661568 1724.186880 850.305600
2.678313 1695.868800 824.029200
2.694594 1717.825920 847.108800
2.711060 1713.678720 861.602400
2.727271 1690.771200 918.993600
2.743898 1685.112960 909.122400
2.760199 1692.520320 890.395200
2.776798 1705.319040 1026.108000
2.792942 1672.314240 1070.895600
2.809628 1660.423680 1080.000000
2.825889 1676.040960 1080.000000
2.842508 1642.634880 1080.000000
2.858779 1638.975360 1080.000000
2.875452 1661.297280 1080.000000
2.891634 1684.657920 1079.881200
2.908177 1691.852160 1067.245200
2.924501 1686.462720 1080.000000
2.941018 1690.673280 1080.000000
2.957400 1690.673280 1080.000000
2.973536 1633.476480 1060.635600
2.990190 1615.787520 937.872000
3.006571 1623.239040 926.931600
3.023298 1654.730880 936.943200
3.039408 1645.539840 926.856000
3.056000 1652.236800 908.398800
3.072313 1699.432320 916.185600
3.088901 1680.802560 908.366400
3.105231 1678.642560 915.483600
3.121775 1685.306880 934.837200
3.138039 1676.989440 866.214000
3.154616 1678.750080 858.600000
3.170961 1691.354880 925.333200
3.187443 1695.696000 956.901600
3.203836 1689.227520 969.580800
3.220117 1679.992320 970.390800
3.236712 1715.341440 976.698000
3.252784 1704.746880 994.410000
3.269432 1696.613760 955.162800
3.285678 1677.248640 1006.808400
3.302132 1666.719360 1031.648400
3.318451 1657.799040 1080.000000
3.335101 1668.113280 1054.814400
3.351317 1679.182080 1029.607200
3.367678 1696.116480 1049.198400
3.384408 1734.186240 1006.322400
3.400421 1731.054720 1014.303600
3.417002 1715.320320 978.955200
3.433445 1707.035520 1042.740000
3.449882 1705.685760 1045.148400
3.466285 1709.260800 1004.346000
3.482825 1688.805120 983.340000
3.499295 1693.255680 977.864400
3.515671 1696.905600 1080.000000
3.532207 1739.425920 1048.280400
3.548759 1737.642240 1046.228400
3.565108 1703.018880 1080.000000
3.581760 1706.215680 1080.000000
3.598202 1690.446720 1080.000000
3.614546 1669.159680 1080.000000
3.630959 1664.279040 1080.000000
3.647522 1682.315520 1080.000000
3.663870 1695.511680 1080.000000
3.680293 1700.987520 1080.000000
3.696456 1711.885440 1080.000000
3.713143 1685.112960 1080.000000
3.729030 1710.362880 1080.000000
3.746113 1688.340480 1080.000000
3.762449 1684.452480 1080.000000
3.778502 1630.258560 1080.000000
3.795321 1633.390080 1080.000000
3.811777 1722.522240 1080.000000
3.828134 1708.611840 1080.000000
3.844479 1720.439040 1080.000000
3.861132 1710.848640 1080.000000
3.877342 1721.594880 1080.000000
3.893956 1719.801600 1080.000000
3.910162 1724.964480 1080.000000
3.926773 1712.004480 1080.000000
3.942997 1717.987200 1080.000000
3.959648 1698.731520 1080.000000
3.975971 1681.159680 1080.000000
3.992417 1677.217920 1080.000000
4.008827 1713.613440 1080.000000
4.024919 1651.956480 992.023200
4.041757 1646.707200 1002.682800
4.058139 1617.125760 964.256400
4.074642 1625.873280 955.659600
4.090782 1625.873280 955.659600
4.107440 1630.225920 905.115600
4.123479 1654.494720 988.934400
4.140342 1662.226560 977.853600
4.156558 1663.998720 853.405200
4.173194 1709.228160 845.283600
4.189451 1716.744960 825.584400
4.206126 1701.527040 843.598800
4.222370 1657.787520 865.231200
4.238874 1637.128320 909.921600
4.255225 1620.971520 912.146400
4.271778 1606.510080 946.263600
4.288029 1589.715840 985.024800
4.304630 1578.645120 1032.512400
4.320975 1588.592640 996.753600
4.337379 1597.384320 978.836400
4.353845 1622.071680 959.752800
4.370251 1626.727680 922.784400
4.386516 1643.498880 884.088000
4.402941 1639.449600 889.401600
4.419405 1644.741120 869.043600
4.435710 1654.763520 848.070000
4.452452 1643.984640 863.924400
4.468632 1707.824640 823.046400
4.484776 1714.143360 808.930800
4.501545 1664.344320 825.498000
