0.000000 16.702776 64.394593
0.016352 14.768032 46.729433
0.032924 9.123935 18.281937
0.049275 2.186892 -10.901013
0.065763 -2.627240 -24.026851
0.082148 -0.662584 -3.880798
0.098802 -0.251153 2.452444
0.115052 0.400000 7.326627
0.131642 2.292571 6.271723
0.148029 1.995278 5.675460
0.164254 3.230070 3.942886
0.180909 2.912569 -0.043978
0.197113 1.575562 -3.030945
0.213870 0.900986 -1.549272
0.229959 1.050549 0.861295
0.246227 0.908256 3.578110
0.263022 0.110137 4.788918
0.279223 0.180482 4.550694
0.295905 -1.040175 4.387502
0.312264 -1.344057 2.704423
0.328336 -0.960315 -0.518455
0.345002 -4.918569 8.682523
0.361612 4.271589 -4.594576
0.377870 18.711524 -29.717299
0.394510 30.149025 -52.673495
0.410838 36.965768 -66.147665
0.427404 35.765095 -63.327623
0.443730 28.220314 -45.277825
0.460340 16.028280 -20.969429
0.476627 3.936706 2.010766
0.492848 -4.512130 14.103473
0.509315 1.456602 -0.102041
0.525519 1.185275 -2.740856
0.542237 -0.205428 -3.894913
0.558490 0.427701 -2.725842
0.574735 -0.503772 -0.013549
0.591267 -1.327068 1.645794
0.607990 -1.992585 0.456384
0.623975 -1.039140 0.845679
0.640467 -0.462946 1.522777
0.657190 -0.552264 1.208650
0.673354 -1.736556 0.372461
0.689799 -2.111336 -0.516625
0.706260 -1.569985 -0.989443
0.722617 -1.506133 -1.731340
0.739079 0.159737 -1.320401
0.755559 -0.876419 -1.133983
0.771885 -1.712966 0.183743
0.788548 -1.735677 0.372188
0.805027 -2.205196 0.000000
0.821449 -2.466212 0.000000
0.837788 -2.938254 0.000000
0.854581 -1.876274 0.000000
0.870776 -0.812021 0.000000
0.887474 -0.272292 0.000000
0.903817 -0.587860 0.000000
0.920094 1.320029 0.000000
0.936660 2.215450 0.000000
0.952595 2.057046 0.000000
0.969468 1.002542 0.000000
0.985587 -0.244568 0.000000
1.001758 -0.166999 0.000000
1.018336 -1.460996 0.000000
1.034782 -2.799061 0.000000
1.051636 -4.867948 0.000000
1.067706 -2.534586 0.000000
1.084459 2.219690 0.000000
1.100685 6.409582 0.000000
1.117336 8.113332 0.000000
1.133549 7.187460 0.000000
1.150191 5.990342 0.000000
1.166440 2.224732 0.000000
1.183007 -1.173090 0.000000
1.199100 -1.948363 0.000000
1.215904 0.250129 0.000000
1.232173 0.025575 0.000000
1.248757 -2.037665 0.000000
1.264906 -2.356447 0.000000
1.281682 -0.649335 0.000000
1.297834 2.019398 0.000000
1.314585 2.198765 0.000000
1.330630 1.718714 0.000000
1.346881 1.771964 0.000000
1.363714 0.270885 0.000000
1.380011 -0.878130 0.000000
1.396633 -2.073962 0.000000
1.412713 -1.202357 0.000000
1.429626 -1.406881 0.000000
1.445677 -1.263484 0.000000
1.462379 -0.265334 0.000000
1.478554 1.637453 0.000000
1.495131 3.091926 0.000000
1.511375 2.731478 0.000000
1.528064 2.298029 0.000000
1.544292 0.914461 0.000000
1.560886 -0.177331 0.000000
1.577280 -1.451853 0.000000
1.593785 -0.756516 0.000000
1.610188 0.120061 0.000000
1.626296 0.571303 0.000000
1.642925 0.511594 0.000000
1.659119 1.284304 0.000000
1.676051 2.398984 0.000000
1.692125 1.383542 0.000000
1.708274 0.387252 0.000000
1.724961 -0.501529 0.000000
1.741247 -0.148546 0.000000
1.757480 -0.758346 0.000000
1.774436 -1.086993 0.000000
1.790295 -0.942879 0.000000
1.806811 -0.488323 -0.119230
1.823126 -0.439372 0.116845
1.839841 -1.387645 0.196935
1.856156 -0.998274 0.214117
1.872600 -0.799420 0.143351
1.889022 -0.941797 0.024310
1.905630 -0.877756 -0.103335
1.921965 -0.321390 -0.199909
1.938507 1.108309 -0.225740
1.954971 1.930018 -0.141155
1.971521 1.898022 0.093518
1.987999 1.599557 -0.014209
2.004344 0.734540 0.014499
2.020966 -0.450906 0.000000
2.037052 -0.910326 0.000000
2.053920 -0.634998 0.000000
2.069918 -0.624509 0.000000
2.086596 0.054181 -0.047815
2.102924 -0.545012 0.046859
2.118962 -1.388300 -1.836610
2.135866 -0.318319 1.963145
2.152412 -0.220025 3.454460
2.168630 -0.563607 3.221548
2.185199 0.011573 1.848606
2.201561 0.363090 -0.080170
2.218134 1.102932 -1.980576
2.234138 0.730320 -3.834474
2.250699 0.351048 -3.910944
2.267269 1.260941 -0.621625
2.283563 1.292393 4.432391
2.300184 -0.119088 3.673214
2.316400 -0.942111 4.481853
2.333227 0.264772 3.972383
2.349273 0.731701 4.642496
2.365870 1.811412 5.910298
2.382179 0.654171 3.225832
2.398266 -0.299850 -0.271152
2.415006 -2.265752 -3.967361
2.431614 -3.499596 -7.968054
2.447707 -3.370289 -8.860015
2.464404 -3.170708 -6.334950
2.480817 -1.464870 -1.464468
2.497122 -0.268491 4.735631
2.513705 0.301912 6.110699
2.530212 0.272679 3.581120
2.546708 1.517346 1.031917
2.562790 2.295879 -1.996202
2.579576 2.939050 -4.239641
2.595539 1.399526 -4.434838
2.612356 1.066059 -3.070975
2.628582 -0.634062 -1.746599
2.645110 -3.253910 -0.667620
2.661436 -5.374547 0.741084
2.678025 -5.820758 1.143044
2.694259 -4.768908 1.219974
2.710884 -1.936700 1.105025
2.727166 0.043536 -0.122265
2.743673 1.519527 -0.289473
2.759881 2.649593 0.769817
2.776012 1.168414 0.888719
2.792888 0.058015 0.727761
2.809422 -0.742140 0.457302
2.825923 -1.189100 -1.008301
2.841998 -1.074687 -1.376091
2.858616 -1.572646 -2.156800
2.874822 -2.096783 -1.744168
2.891381 -0.656495 0.012670
2.907709 0.475658 0.632242
2.924275 1.554234 0.001209
2.940590 2.015869 0.002188
2.956899 1.831759 -0.366417
2.973334 1.003352 0.362334
2.989723 -0.108733 0.653449
3.006171 -1.353431 0.616611
3.022539 -1.903334 0.361504
3.039049 -1.088026 -0.002188
3.055468 0.428899 -0.364782
3.071871 1.458281 -0.616595
3.088524 1.301545 -0.653449
3.104614 0.974321 -0.361117
3.121429 -0.139873 0.368486
3.137979 -0.972035 0.000000
3.154403 -1.234031 -8.193594
3.170959 -0.719051 8.029726
3.186970 1.196765 14.529605
3.203778 2.956708 13.737632
3.220013 3.379927 8.084349
3.236528 2.754334 0.000000
3.450152 1.072203 -8.084349
3.466214 -0.336412 -13.737632
3.483060 -0.990122 -14.529605
3.499243 -0.824381 -8.029726
3.515957 -1.333724 8.193594
3.532112 -0.752045 0.000000
3.548714 -0.738630 0.000000
3.564864 -0.228373 0.000000
3.581609 -0.025000 0.000000
3.597722 0.698191 0.000000
3.614451 0.833766 0.000000
3.630778 0.119293 0.000000
3.647280 -1.334123 0.000000
3.663751 -2.310065 0.000000
3.680210 -1.297132 0.000000
3.696609 -0.337585 0.000000
3.712766 0.875450 0.000000
3.729381 1.263557 0.000000
3.745602 1.752188 0.000000
3.762443 1.551581 0.000000
3.778379 0.732730 0.000000
3.795130 -1.020887 0.000000
3.811271 -1.254223 0.000000
3.828033 -1.465013 0.000000
3.844230 -0.920411 0.000000
3.860825 0.296971 0.000000
3.876914 1.071609 0.000000
3.893810 1.269853 0.000000
3.910104 -0.640764 0.000000
3.926709 -1.762168 0.000000
3.942835 -0.964041 0.000000
3.959320 0.746106 0.000000
3.975762 1.724067 0.000000
3.992060 2.289024 0.000000
4.008525 1.887570 0.000000
4.024951 0.585184 0.000000
4.041126 -0.726066 0.000000
4.057783 -1.117147 0.000000
4.074190 -0.125088 0.000000
4.090220 -0.301771 0.000000
4.106829 -0.313329 0.000000
4.123274 -0.376819 -0.297997
4.139489 -1.023907 -1.261960
4.156118 -0.903944 1.526477
4.172570 -0.087239 3.763146
4.188974 0.869541 3.836852
4.205521 2.035724 2.425099
4.221840 1.718526 0.234986
4.238470 1.277518 -2.026374
4.254933 0.262092 -3.651865
4.271374 -1.278398 -3.934389
4.288069 -1.855894 -2.166841
4.304083 -1.502646 1.027845
4.320888 -1.240582 0.518389
4.337263 -0.650997 0.006632
4.353711 0.262131 0.000000
4.370004 -0.072134 0.000000
4.386338 -0.514957 0.000000
4.402811 -1.364005 0.000000
4.419406 -1.761197 0.000000
4.435669 -2.092763 0.000000
4.452341 -1.805113 0.000000
4.468568 -0.692997 0.000000
4.485235 0.691109 0.000000
4.501386 0.324751 0.000000
4.517553 0.652279 0.000000
4.534452 2.369976 0.000000
4.550930 2.712745 0.000000
4.567191 2.200497 -0.361700
4.583753 0.779306 0.354466
4.600047 -0.001930 0.641414
4.616336 -0.417213 0.606450
4.633077 0.125407 0.356877
4.649064 -0.698132 0.000000
4.665901 0.569152 -0.356877
4.682113 0.638093 -0.606450
4.698786 -0.679736 -0.641414
4.714884 -1.092226 -0.354466
4.731530 -0.455349 0.361700
4.747875 -0.016937 0.000000
4.763966 13.892012 0.000000
4.780546 0.469582 0.000000
4.797282 -24.540338 0.000000
4.813582 -46.492107 0.000000
4.830155 -59.679516 0.000000
