0.000000 16.343906 54.363846
0.016550 13.556613 44.146801
0.032988 8.427295 25.367299
0.049574 1.655703 3.594093
0.065900 -3.041723 -10.719481
0.082484 -1.169676 -1.253995
0.099193 -0.969924 0.770222
0.115219 -0.379442 2.385917
0.131931 0.911560 3.376961
0.148151 1.971119 3.441576
0.164815 1.096408 1.888623
0.181153 -0.786783 -2.258828
0.197478 -2.454965 -6.232136
0.214118 -5.089844 -4.002806
0.230536 -4.821170 -0.752826
0.246513 5.305303 -8.827056
0.263168 13.355238 -17.506792
0.279437 25.663313 -30.907539
0.296325 34.793042 -40.264151
0.312546 38.227378 -41.217533
0.329180 34.201015 -34.158494
0.344981 23.324796 -20.279072
0.361947 9.683509 -5.841682
0.378252 1.818561 -1.619363
0.394763 -1.707169 -2.723838
0.411238 -5.620264 -0.827702
0.427496 0.122336 -3.437341
0.444050 1.675923 -0.748207
0.460615 1.562395 1.903337
0.476621 1.347919 3.524553
0.493021 0.896430 4.297338
0.509766 0.369567 4.467309
0.525870 0.432453 3.206457
0.542338 0.197569 2.305502
0.558742 0.505040 1.672558
0.575438 0.572294 1.245393
0.591597 -0.814654 2.313689
0.607888 -1.610263 0.706544
0.624401 -0.729579 -0.128138
0.640809 -0.762428 -0.059770
0.657173 -0.230856 1.134972
0.673629 -0.435817 3.403646
0.690054 0.392522 1.766130
0.706697 -5.691178 -12.320803
0.723108 0.607908 -5.267792
0.739476 15.323337 13.985361
0.755823 29.544367 33.162053
0.772219 39.478715 49.042655
0.789091 40.080048 53.648468
0.805197 31.371064 45.373316
0.821914 18.074443 26.238330
0.838227 4.891857 2.945130
0.854798 -3.806275 -9.127307
0.871096 2.038992 2.672691
0.887446 2.447743 3.469195
0.903891 1.334174 2.559121
0.920495 -0.430213 3.431914
0.936724 -3.129607 3.847284
0.953425 -4.521947 3.776127
0.969721 -4.533136 3.776368
0.986242 -3.264636 3.657445
1.002587 -0.321133 2.641494
1.019185 1.756103 1.469420
1.035431 3.220438 -0.369369
1.051550 3.812195 -0.684221
1.068390 1.687728 -0.000000
1.084542 0.166083 -0.000000
1.101238 -0.460336 -0.000000
1.117412 -0.237633 -0.000000
1.133985 1.154895 -0.000000
1.150311 8.356661 -0.000000
1.166866 6.013077 -0.000000
1.183198 -12.225194 -0.000000
1.199823 -28.812328 1.141860
1.216080 -51.224531 0.001860
1.232724 -65.948636 -1.830653
1.248872 -68.086966 -3.885763
1.265496 -57.066031 -4.845603
1.281901 -36.625352 -5.793730
1.298397 -15.387614 -6.023409
1.314720 -7.291995 -4.350869
1.330867 -1.287810 -0.076016
1.347596 6.231526 3.837708
1.363757 1.789497 5.213464
1.380587 1.567834 6.539962
1.396761 0.519855 6.006480
1.413385 -1.005568 4.127027
1.429713 -1.970187 1.052268
1.446270 -2.533450 -0.570832
1.462440 -0.846980 -0.541839
1.479182 0.653391 0.094625
1.495307 1.787233 0.166582
1.511919 2.178312 2.463738
1.528285 0.207019 -0.420220
1.544863 -2.362982 -5.166342
1.561004 -4.683694 -10.123758
1.577452 -6.009952 -11.875065
1.593591 -5.676700 -10.358572
1.610283 -4.032506 -8.472481
1.626485 -2.258297 -3.708213
1.642941 0.166545 1.472856
1.659240 0.232578 3.967264
1.676023 -0.842088 0.954754
1.692094 -0.327986 0.078707
1.708754 -0.644183 0.984564
1.725192 -0.252029 -0.007703
1.741306 1.282476 -4.019521
1.757938 0.623261 -5.914624
1.774344 2.002137 -0.623787
1.790753 3.185450 6.051721
1.807259 4.271632 11.802434
1.823653 5.429668 12.301639
1.840053 4.847429 6.095333
1.856636 2.196442 1.462510
1.873017 -0.146653 -6.119791
1.889552 -2.560548 -9.428815
1.906011 -5.807432 -6.233407
1.922227 -4.748075 -2.021813
1.939067 -3.545019 -0.406004
1.955144 -1.711634 -0.537802
1.971570 -0.188349 -3.473075
1.988188 1.119550 -4.943837
2.004848 2.089970 -2.500018
2.021068 2.351892 -1.395173
2.037595 1.852440 2.333918
2.053884 -0.850116 4.297447
2.070524 -2.188991 4.240009
2.086736 -3.401365 4.316749
2.103448 -2.735260 1.121776
2.119425 -2.580469 -2.894865
2.136161 -2.894583 -4.147047
2.152461 -1.960607 -2.609267
2.169091 -0.717782 1.004407
2.185532 1.041708 4.109866
2.201795 2.490674 4.592717
2.218095 3.912547 5.490140
2.234757 3.045710 4.218109
2.251184 2.289424 2.200142
2.267196 -0.836532 -0.889647
2.283967 -3.183117 -5.211102
2.300105 -3.008552 -8.932131
2.316922 -2.152584 -8.519469
2.333089 -0.393143 -5.478027
2.349765 1.515157 -0.742484
2.365971 2.679062 4.708687
2.382616 3.222501 7.558862
2.398788 4.611104 7.767231
2.415543 3.567057 5.084160
2.431805 2.451186 3.748151
2.448453 2.159498 0.889103
2.464789 -0.426252 -0.543777
2.480887 -4.536020 -2.765849
2.497541 -6.447183 -4.294555
2.513922 -6.757866 -7.074584
2.530576 -4.839498 -8.807917
2.546664 -2.142076 -5.796931
2.563300 0.677823 -1.627712
2.579575 3.826235 1.901997
2.596020 6.460032 5.666170
2.612495 5.403522 8.483947
2.628409 2.954031 7.259726
2.645273 2.350734 4.190643
2.661937 0.041569 -0.060451
2.678107 -2.221977 -2.472013
2.694815 -1.527918 -0.875596
2.711132 -0.928309 -1.339272
2.727672 -2.008203 -1.047148
2.743982 -2.699408 0.000334
2.760124 -3.062920 -1.648158
2.776897 -1.293389 -4.867243
2.793343 0.128723 -2.170091
2.809921 0.689212 -0.788339
2.826007 2.094766 -0.488288
2.842413 2.556179 1.591284
2.858736 0.023095 1.407042
2.875456 -0.102947 2.212216
2.891565 -0.540554 1.112300
2.907726 -0.307804 -1.008631
2.924281 0.481306 -1.606887
2.940666 -0.758740 -0.591621
2.957076 -0.433598 -2.026484
2.973718 -1.449167 -0.556334
2.990059 -2.616182 0.982316
3.006328 -1.940410 0.741656
3.023039 0.114749 1.817148
3.039563 1.135926 1.160593
3.055869 3.711903 0.379439
3.072437 4.571839 -1.543046
3.088943 2.308721 -2.834289
3.105446 0.003304 -2.482862
3.121847 -2.779594 -3.387387
3.138079 -3.397474 -1.566610
3.154793 -1.663664 2.321418
3.170965 1.019745 4.941540
3.187534 2.158900 6.674410
3.203839 2.396190 5.117935
3.220448 0.284436 1.393774
3.236701 -1.690657 -0.816449
3.253364 -1.872726 -2.370819
3.269624 0.204759 -0.863701
3.285931 3.486514 2.504965
3.302432 6.922355 5.070457
3.319095 8.651822 6.361858
3.335122 5.483160 5.371665
3.351922 0.638742 0.618719
3.368251 -4.476664 -3.976045
3.384747 -6.292278 -5.258338
3.401190 -7.241385 -6.026592
3.417392 -6.108782 -3.852769
3.434010 -3.245452 -1.577532
3.450218 1.009229 2.797230
3.466910 4.018120 6.606292
3.483341 4.556620 7.112181
3.499687 4.397107 5.896745
3.516201 2.732795 3.037362
3.532418 1.254415 0.211396
3.549094 -1.748636 -2.746009
3.565250 -4.150313 -3.629727
3.581897 -4.473762 -3.750770
3.598138 -3.918015 -2.883682
3.614195 -3.501037 -2.009248
3.631048 -0.698272 -2.184951
3.647598 0.774255 -3.538204
3.663833 1.610745 -6.399561
3.680561 2.041273 -6.247451
3.696821 1.956541 -1.478995
3.713368 2.043685 3.993126
3.729764 2.435445 8.454628
3.746174 1.677650 9.924441
3.762585 0.909689 8.256970
3.779103 -0.476905 2.012510
3.795458 -2.264630 -5.696363
3.811910 -1.036865 -10.034338
3.828320 0.228418 -8.663593
3.844521 0.639915 -5.506508
3.861171 -0.962755 -3.780918
3.877276 -1.970709 -2.138232
3.893765 -3.066002 -2.487749
3.910366 -3.474316 -3.969425
3.926814 -2.769194 -4.203806
3.942828 -0.523833 -2.942226
3.959793 0.273825 -0.974086
3.975805 -0.074551 2.777526
3.992086 -0.216078 5.019252
4.008766 -0.102338 5.601796
4.025115 1.816665 6.760399
4.041494 2.357150 5.260667
4.057921 2.748960 3.918586
4.074330 1.682182 3.362154
4.090683 0.011719 -0.354299
4.107192 -1.524807 -4.765094
4.123544 -1.474065 -5.455214
4.140009 -0.906525 -3.698962
4.156444 0.012986 2.301166
4.173093 3.221227 6.425534
4.189448 4.812519 7.488793
4.205976 4.897782 6.446889
4.222438 2.665828 1.639811
4.239063 0.016173 -4.413216
4.255287 -2.259208 -6.452850
4.271869 -3.129534 -6.390607
4.288034 -3.008737 -3.770328
4.304777 -0.251006 -0.567885
4.320962 1.689449 2.441280
4.337671 2.679960 6.975170
4.353968 3.748247 9.245219
4.369966 3.376682 9.140353
4.386892 2.313259 6.700428
4.403321 1.528014 3.047602
4.419745 -1.099158 -4.300221
4.435871 -3.111772 -7.176823
4.452754 -4.489916 -8.854399
4.468790 -5.585774 -5.940473
4.485394 -4.046101 -4.498601
4.501658 -3.092570 -4.009919
4.518344 -1.306446 -1.176072
4.534552 1.023482 2.586017
4.551172 3.836435 6.049006
4.567441 3.784518 7.217388
4.584073 5.091184 9.032928
4.600004 4.662268 8.484058
4.616865 6.981452 19.518520
4.633198 -0.050537 -1.170970
4.649760 -9.820424 -30.194544
4.666073 -17.905048 -54.100934
4.682132 -22.293984 -68.068296
