0.000000 17.206872 51.563465
0.016491 11.867578 36.913685
0.033009 4.580845 16.575090
0.049354 -1.333392 -1.659890
0.065757 -2.211226 -6.152023
0.082366 4.688667 10.581932
0.098973 6.556045 11.052111
0.115215 5.198130 8.611304
0.131772 2.763177 2.262491
0.148317 -0.043528 -4.767260
0.164603 -1.394012 -9.328835
0.181131 -2.550162 -11.114031
0.197583 -3.301762 -10.936635
0.214054 -3.052781 -10.974683
0.230507 -3.349692 -7.833314
0.246940 -3.922692 1.513402
0.263309 -4.245187 9.452894
0.279446 -2.228888 15.871620
0.296227 0.044403 19.052718
0.312175 -1.086909 20.489323
0.329076 -2.148061 14.271193
0.345370 5.907988 -3.966340
0.361888 13.535156 -19.408196
0.378180 22.668344 -35.331408
0.394742 29.861223 -47.665499
0.411014 32.787576 -50.502405
0.427171 28.862497 -39.903653
0.443451 18.997215 -20.917204
0.460504 7.776972 0.265013
0.476835 1.949590 9.836995
0.492855 -0.417799 10.783047
0.509698 -5.025068 7.737043
0.526225 -3.242704 -3.910547
0.542635 -2.266564 -11.092718
0.559075 -2.079569 -13.904995
0.575579 -0.012003 -13.002332
0.591563 3.884793 -10.817357
0.608341 6.936991 -8.307610
0.624486 8.276515 -7.004355
0.641225 8.026969 -4.878343
0.657378 6.850105 -2.764557
0.674001 4.682935 -0.916721
0.690310 1.367900 -0.501422
0.706854 -1.273966 1.641515
0.723262 -1.385446 3.083483
0.739750 -2.009485 4.964775
0.756084 -2.679439 5.863250
0.772623 -2.302741 4.018964
0.788803 -1.786292 0.511290
0.805058 -2.334829 -4.927949
0.821951 -4.685881 -10.896710
0.838393 1.750936 -2.801843
0.854539 6.380198 4.705680
0.871308 17.962561 24.428489
0.887434 29.727929 43.829615
0.904221 37.425722 54.416330
0.920214 35.652922 52.370587
0.936707 26.130503 40.378413
0.953184 12.401262 23.158979
0.969664 1.590857 7.431644
0.985746 -2.341311 -0.501124
1.002170 -5.858269 -7.410056
1.018784 -0.236164 0.093036
1.035289 0.354937 1.947314
1.051365 -0.301134 4.114107
1.067903 -1.823358 4.939630
1.084316 -1.795538 4.336091
1.100585 -1.356275 1.140299
1.117176 0.128581 -2.103537
1.133556 1.429247 -3.386398
1.149967 2.062381 -2.816601
1.166461 0.774647 -1.388678
1.182921 0.804081 -0.341058
1.199266 2.490389 -0.576096
1.216062 3.061027 -2.897646
1.232172 2.560344 -3.307289
1.248871 2.441805 -2.606819
1.265295 0.588860 0.045209
1.281842 -0.978293 1.929374
1.298218 -2.089228 3.332190
1.314695 -0.850123 2.368891
1.331012 1.699020 -0.152202
1.347663 1.730812 -2.456576
1.363914 0.761062 -4.540810
1.380493 0.537855 -2.508928
1.396959 -0.081795 0.653762
1.413388 -0.899524 2.314876
1.429723 0.102719 3.083036
1.445911 5.809318 2.702079
1.462715 6.392500 0.049216
1.478462 -8.308399 -0.295219
1.495480 -17.647303 1.172604
1.511724 -37.937289 3.468454
1.528353 -57.804403 5.507132
1.544552 -67.874131 4.019879
1.561187 -64.015812 1.259143
1.577406 -46.775845 0.293092
1.594023 -23.942275 -0.592680
1.610334 -8.116417 -0.459324
1.626900 2.831804 1.571332
1.643232 10.934225 1.363334
1.659744 0.647053 1.455255
1.676098 -2.241508 -0.809647
1.692643 -3.856941 -4.644923
1.708874 -4.263206 -5.413372
1.725539 -3.358117 -4.364592
1.741878 -1.320527 -0.031368
1.758081 -1.810904 0.746003
1.774822 -3.993924 -0.655190
1.790969 -5.946981 -2.532335
1.807593 -5.583224 -4.445850
1.823511 -3.547784 -7.489354
1.840474 -1.439713 -8.167152
1.856740 1.620983 -2.534720
1.873431 4.283437 4.184196
1.889531 5.651971 10.134942
1.906162 3.009577 8.286541
1.922540 0.899899 6.564622
1.939052 -1.736854 3.256587
1.955431 -2.150561 0.102920
1.971602 -2.078496 -3.197770
1.988255 -0.681780 -5.885027
2.004789 1.467345 -2.879123
2.021286 3.139284 0.248622
2.037339 4.459511 3.136645
2.054108 3.206750 0.753021
2.070189 1.363521 1.015757
2.086623 -0.749190 0.696477
2.103175 -1.056246 1.055583
2.119807 -2.329981 -1.572483
2.135772 -3.812575 -3.951390
2.152719 -3.404688 -1.179813
2.168969 0.207123 0.816630
2.184898 3.592853 2.759077
2.201387 5.641147 3.245303
2.217868 6.405379 5.526415
3.056143 5.400444 5.127372
3.072525 2.945723 3.306527
3.088898 -0.094878 -0.230812
3.105394 -1.704609 -1.399137
3.121983 -1.562730 -0.000000
3.138222 0.437193 -0.000000
3.154792 0.973909 -0.000000
3.171239 1.902606 -0.000000
3.187167 0.675007 -0.000000
3.203846 0.204867 -0.000000
3.220370 0.240306 -0.000000
3.236740 0.411189 -0.000000
3.252961 0.287967 -0.000000
3.269745 1.350142 -0.000000
3.285780 2.035898 -0.000000
3.302049 0.664990 -0.000000
3.318968 -1.414648 -0.000000
3.335043 -3.659773 -0.000000
3.351258 -2.916453 -0.000000
3.367804 -1.939834 -0.000000
3.384287 0.171602 -0.000000
3.400516 2.521838 -0.000000
3.417027 3.559188 -0.000000
3.433482 2.809891 -0.000000
3.449994 0.512652 -0.000000
3.466492 -2.172577 -0.000000
3.483015 -4.196726 -0.000000
3.499521 -3.884720 -0.000000
3.515971 -1.989147 -0.000000
3.532570 0.133061 -0.000000
3.548914 1.636846 -0.000000
3.565275 1.779788 -0.000000
3.581865 2.164276 -0.000000
3.598195 0.718657 -0.000000
3.614705 -0.004271 -0.000000
3.630818 -1.166765 -0.000000
3.647379 -2.204274 -0.000000
3.663904 -4.399983 -0.000000
3.680438 -4.730410 -0.000000
3.696553 -2.482693 -0.000000
3.713250 2.639631 -0.000000
3.729339 5.362402 -0.000000
3.745984 1.611964 -0.000000
3.762570 -4.305624 -0.000000
3.778584 -10.494815 -0.000000
3.795308 -13.679915 -0.000000
3.811651 -13.227354 -0.000000
3.828276 -6.850711 -0.000000
3.844420 -0.062716 -0.000000
3.861194 4.291846 -0.000000
3.877420 4.245627 -0.000000
3.893913 2.007333 -0.000000
3.910209 0.043381 -0.000000
3.926931 -2.508031 -0.000000
3.943129 -4.664259 -0.000000
3.959724 -5.611184 -0.000000
3.976030 -2.792445 -0.000000
3.992573 -1.121187 -0.000000
4.008885 0.011551 -0.000000
4.025425 2.486266 -0.000000
4.041819 1.970971 -0.000000
4.058220 1.214244 -0.000000
4.074752 0.665712 -0.000000
4.091008 0.858048 -0.000000
4.107612 1.484194 -0.000000
4.123670 2.121451 -0.000000
4.140443 0.895873 -0.000000
4.156725 0.258596 -0.000000
4.173393 0.414529 -0.000000
4.189511 -1.186351 -0.000000
4.206042 -1.392692 -0.000000
4.222413 -1.752066 -0.000000
4.239019 -1.798938 -0.000000
4.255266 -1.456869 -0.000000
4.271844 0.226553 -0.000000
4.288144 1.086576 -0.000000
4.304825 1.079839 -0.000000
4.320981 -0.081493 -0.000000
4.337413 -1.750697 -0.000000
4.353996 -3.998839 -0.000000
4.370510 -2.968820 -0.000000
4.386614 -1.255176 -0.000000
4.403000 0.415165 -0.000000
4.419694 1.472863 -0.000000
4.435591 1.874045 -0.000000
4.452533 2.533762 -0.000000
4.468725 4.406859 -0.000000
4.484862 4.422768 -0.000000
4.501414 3.395861 -0.000000
4.517881 2.080510 -0.000000
4.534149 -0.586402 -0.000000
4.550697 -0.918365 -0.000000
4.567170 -1.879040 -0.000000
4.583629 -2.303287 -0.000000
4.600006 -4.405895 -0.000000
4.616450 -4.548024 -0.000000
4.632991 -5.416700 -0.000000
4.649483 -3.301085 -0.000000
4.665946 1.158081 -0.000000
4.682306 4.701327 -0.000000
4.699086 4.347682 -0.000000
4.715198 2.403561 -0.000000
4.731848 0.500527 -0.000000
4.748143 1.368943 15.423643
4.764679 -0.261084 0.308486
4.780929 -4.292273 -27.040435
4.797637 -7.426277 -52.879233
4.813800 -9.303616 -68.068296
