0.000000 3.194999
0.016690 3.212913
0.032864 3.230753
0.049446 3.248446
0.066136 3.265918
0.082426 3.283099
0.098997 3.299918
0.115366 3.316307
0.131893 3.332199
0.148122 3.347531
0.164780 3.362242
0.181000 3.376275
0.197248 3.389577
0.214063 3.402098
0.230457 3.413791
0.246942 3.424616
0.263371 3.434537
0.279628 3.443521
0.295798 3.451541
0.312664 3.458576
0.328759 3.464608
0.344880 3.469624
0.361745 3.473618
0.378500 3.476587
0.394613 3.478534
0.411148 3.479465
0.427488 3.479392
0.444135 3.478332
0.460372 3.476305
0.476926 3.473336
0.492977 3.469452
0.509304 3.464687
0.525811 3.459074
0.542199 3.452653
0.558666 3.445464
0.574867 3.437550
0.591402 3.428955
0.607998 3.419725
0.624385 3.409908
0.640698 3.399552
0.657396 3.388705
0.673613 3.377417
0.690309 3.365737
0.706787 3.353714
0.723398 3.341395
0.739653 3.328831
0.756004 3.316068
0.772543 3.303153
0.789156 3.290132
0.805560 3.277049
0.821913 3.263950
0.837849 3.250877
0.854348 3.237870
0.870776 3.224971
0.887522 3.212218
0.903909 3.199650
0.920256 3.187301
0.936969 3.175208
0.953165 3.163403
0.969784 3.151918
0.986055 3.140786
1.002110 3.130034
1.018666 3.119691
1.035025 3.109784
1.051456 3.100339
1.067688 3.091378
1.084299 3.082926
1.100826 3.075004
1.281989 3.067633
1.298177 3.060831
1.314776 3.054617
1.331210 3.049007
1.347685 3.044017
1.364014 3.039662
1.380528 3.035954
1.396647 3.032906
1.413079 3.030529
1.429806 3.028831
1.446139 3.027823
1.462514 3.027509
1.479118 3.027897
1.495246 3.028991
1.511847 3.030793
1.528164 3.033307
1.544322 3.036532
1.560877 3.040468
1.577104 3.045113
1.593646 3.050464
1.609929 3.056516
1.626812 3.063262
1.643022 3.070695
1.659195 3.078806
1.675934 3.087584
1.692220 3.097017
1.708503 3.107089
1.725092 3.117786
1.741508 3.129089
1.757942 3.140979
1.774414 3.153433
1.790864 3.166428
1.807212 3.179939
1.823888 3.193936
1.840216 3.208390
1.856728 3.223268
1.872974 3.238536
1.889810 3.254156
1.905984 3.270089
1.922612 3.286293
1.938906 3.302725
1.955580 3.319339
1.971710 3.336086
1.987753 3.352918
2.004642 3.369783
2.021245 3.386629
2.037564 3.403401
2.054028 3.420045
2.070395 3.436506
2.086950 3.452729
2.102866 3.468659
2.119396 3.484241
2.136260 3.499421
2.152276 3.514147
2.168977 3.528369
2.185283 3.542037
2.201926 3.555104
2.218113 3.567526
2.234520 3.579261
2.251163 3.590270
2.267676 3.600516
2.283760 3.609967
2.300066 3.618593
2.316380 3.626368
2.332937 3.633268
2.349679 3.639274
2.366139 3.644372
2.382677 3.648548
2.398881 3.651795
2.415398 3.654108
2.431580 3.655487
2.448305 3.655933
2.464522 3.655454
2.481138 3.654058
2.497083 3.651760
2.513972 3.648575
2.530406 3.644523
2.546867 3.639627
2.563210 3.633911
2.579628 3.627403
2.596097 3.620133
2.612629 3.612134
2.628995 3.603441
2.645448 3.594089
2.661630 3.584118
2.678276 3.573566
2.694439 3.562476
2.710801 3.550889
2.727680 3.538850
2.743689 3.526403
2.760414 3.513594
2.776622 3.500469
2.793024 3.487074
2.809482 3.473455
2.825531 3.459658
2.842139 3.445728
2.858592 3.431710
2.874857 3.417647
2.891449 3.403582
2.907722 3.389554
2.924342 3.375602
2.940751 3.361762
2.957387 3.348070
2.973826 3.334556
2.990303 3.321252
3.006805 3.308184
3.022735 3.295379
3.039445 3.282858
3.056019 3.270644
3.072225 3.258754
3.088793 3.247206
3.105499 3.236014
3.121668 3.225192
3.138270 3.214749
3.154589 3.204695
3.171152 3.195037
3.187473 3.185782
3.203984 3.176933
3.220358 3.168493
3.236487 3.160465
3.253222 3.152849
3.269758 3.145643
3.286241 3.138848
3.302354 3.132459
3.318971 3.126475
3.335121 3.120891
3.351905 3.115702
3.368122 3.110904
3.384505 3.106491
3.401149 3.102456
3.417360 3.098794
3.434025 3.095496
3.450229 3.092557
3.466874 3.089967
3.482997 3.087719
3.499694 3.085806
3.516000 3.084218
3.532615 3.082946
3.548573 3.081982
3.564960 3.081317
3.581402 3.080940
3.597980 3.080844
3.614563 3.081018
3.630979 3.081452
3.647428 3.082138
3.663912 3.083066
3.680435 3.084226
3.696559 3.085608
3.712949 3.087205
3.729553 3.089007
3.745689 3.091005
3.762049 3.093191
3.778438 3.095557
3.794988 3.098096
3.811306 3.100801
3.828089 3.103666
3.844557 3.106687
3.860814 3.109858
3.877373 3.113176
3.893977 3.116640
3.910281 3.120249
3.926896 3.124004
3.942949 3.127906
3.959378 3.131960
3.975789 3.136170
3.992181 3.140545
4.008570 3.145090
4.025029 3.149817
4.041465 3.154737
4.057928 3.159860
4.074368 3.165201
4.090746 3.170773
4.107386 3.176591
4.123624 3.182671
4.140380 3.189027
4.156806 3.195676
4.173307 3.202633
4.189561 3.209914
4.206232 3.217535
4.222369 3.225511
4.238522 3.233855
4.254971 3.242584
4.271205 3.251708
4.287848 3.261240
4.304266 3.271193
4.320895 3.281575
4.337376 3.292396
4.353970 3.303663
4.370260 3.315384
4.386873 3.327563
4.403124 3.340205
4.419725 3.353311
4.436179 3.366884
4.452525 3.380922
4.469030 3.395425
4.485149 3.410389
4.501530 3.425809
4.517748 3.441679
4.534224 3.457991
4.550920 3.474735
4.566990 3.491901
4.583886 3.509475
4.600444 3.527442
4.616684 3.545787
4.632771 3.564492
4.649178 3.583537
4.665800 3.602902
4.682431 3.622565
4.698950 3.642503
4.715404 3.662690
4.731548 3.683103
4.748322 3.703714
4.764455 3.724497
4.780949 3.745424
4.797281 3.766467
4.813952 3.787598
4.830041 3.808787
4.846395 3.830006
