0.000000 128.000640 958.132800
0.016457 108.161280 897.447600
0.032899 91.927680 874.054800
0.049123 84.347520 899.748000
0.065715 90.017280 849.938400
0.082112 93.634560 855.284400
0.098538 124.350720 862.174800
0.114977 174.612480 847.605600
0.131463 174.332160 847.162800
0.147911 130.571520 850.564800
0.164562 190.306560 858.060000
0.180916 194.075520 865.015200
0.197335 146.684160 934.999200
0.213961 166.999680 958.791600
0.230545 184.753920 984.441600
0.246827 161.145600 962.658000
0.263122 146.112000 994.064400
0.279782 140.474880 987.141600
0.295801 194.496000 920.041200
0.312478 166.675200 908.593200
0.328768 153.962880 887.295600
0.345526 195.824640 1060.106400
0.361713 210.685440 929.124000
0.378255 172.755840 868.978800
0.394518 169.493760 935.226000
0.411104 180.737280 1018.386000
0.427444 180.737280 1018.386000
0.444051 187.000320 971.146800
0.460224 181.580160 921.250800
0.476223 196.331520 944.352000
0.493286 117.200640 902.102400
0.509781 207.953280 990.954000
0.526075 229.476480 1022.522400
0.542659 305.704320 1080.000000
0.559026 264.533760 1045.926000
0.575069 264.533760 1045.926000
0.591930 258.119040 1061.132400
0.607942 282.516480 1080.000000
0.624617 290.691840 1080.000000
0.640871 784.369920 475.567200
0.657477 888.007680 191.656800
0.673836 888.535680 201.916800
0.690356 911.043840 72.133200
0.706699 921.713280 124.459200
0.723277 919.975680 54.334800
0.739571 930.105600 42.260400
0.756121 939.189120 46.688400
0.772259 939.156480 32.810400
0.789031 892.834560 0.000000
0.805362 894.443520 121.208400
0.821776 895.870080 151.113600
0.838264 921.855360 151.426800
0.854866 940.214400 15.314400
0.871171 939.707520 0.000000
0.887228 930.504960 0.000000
0.903806 922.005120 23.792400
0.920180 922.371840 9.342000
0.936888 909.694080 48.632400
0.953100 971.857920 54.648000
0.969697 971.902080 50.511600
0.986010 951.532800 52.401600
1.002552 933.194880 177.249600
1.018983 933.841920 230.331600
1.035368 930.257280 123.606000
1.051554 945.398400 109.252800
1.068275 945.279360 57.607200
1.084239 881.721600 0.000000
1.100984 912.545280 0.000000
1.117241 911.907840 0.000000
1.133501 887.554560 0.000000
1.150093 909.467520 0.000000
1.166444 910.805760 0.000000
1.182973 919.261440 47.768400
1.199302 887.034240 85.201200
1.215622 886.429440 69.541200
1.232123 859.376640 75.265200
1.248651 892.533120 49.874400
1.265034 892.673280 55.112400
1.281446 853.739520 0.000000
1.297820 852.270720 96.584400
1.314537 852.270720 96.584400
1.330660 826.890240 171.406800
1.347377 778.008960 74.757600
1.364076 774.337920 31.179600
1.380357 753.557760 0.000000
1.396725 794.576640 0.000000
1.413219 795.288960 0.000000
1.429597 857.571840 0.000000
1.445957 895.610880 48.848400
1.462663 897.112320 108.345600
1.478899 800.160000 80.028000
1.495491 755.038080 111.358800
1.511790 751.203840 66.560400
1.528360 867.400320 109.652400
1.544619 1076.327040 437.086800
1.561075 1078.033920 414.590400
1.577536 1608.908160 982.335600
1.593582 1556.872320 1014.411600
1.610402 1549.420800 1025.654400
1.626662 1574.465280 963.208800
1.643278 1583.051520 949.957200
1.659508 1575.588480 966.178800
1.676149 1567.845120 1062.223200
1.692378 1574.897280 1055.894400
1.708457 1586.497920 1035.784800
1.724876 1591.455360 916.434000
1.741389 1616.985600 995.932800
1.758142 1603.551360 1015.027200
1.774611 1502.290560 1080.000000
1.790904 1503.715200 1080.000000
1.807633 1505.604480 1080.000000
1.823922 1647.809280 1074.708000
1.839963 1643.057280 1067.169600
1.856808 1651.178880 1053.118800
1.873125 1721.195520 1016.938800
1.889316 1670.488320 978.976800
1.905612 1644.752640 1018.116000
1.922000 1540.327680 1080.000000
1.938488 1552.919040 1060.808400
1.954997 1574.607360 1027.566000
1.971539 1643.089920 1080.000000
1.988012 1731.822720 941.090400
2.004679 1748.000640 917.200800
2.020876 1714.110720 926.348400
2.037523 1719.098880 1024.099200
2.053823 1684.216320 1068.487200
2.070378 1632.343680 1061.478000
2.086689 1574.401920 1080.000000
2.103246 1571.205120 1080.000000
2.119619 1697.218560 1054.490400
2.136005 1680.305280 1013.169600
2.152491 1714.293120 967.107600
2.168688 1704.443520 1000.414800
2.185304 1627.645440 1015.642800
2.201761 1631.673600 1007.488800
2.217995 1647.214080 1048.723200
2.234734 1698.493440 987.012000
2.250856 1693.297920 996.159600
2.267070 1674.862080 987.444000
2.283417 1604.760960 1039.489200
2.299861 1596.810240 1049.738400
2.316318 1669.829760 1068.303600
2.332865 1700.534400 1025.654400
2.349300 1690.771200 1041.789600
2.365692 1624.945920 1025.557200
2.382042 1613.345280 1011.625200
2.398471 1639.536000 969.764400
2.414841 1550.705280 1080.000000
2.431402 1920.000000 353.332800
2.447762 1920.000000 353.332800
2.464293 1920.000000 312.454800
2.480778 1920.000000 316.818000
2.497326 1920.000000 316.818000
2.513850 1920.000000 329.572800
2.546855 1920.000000 329.572800
2.563292 1920.000000 394.135200
2.595788 1920.000000 394.135200
2.628755 1920.000000 418.586400
2.645535 1920.000000 418.586400
2.661645 1766.219520 832.788000
2.678175 1677.951360 1010.070000
2.694530 1663.576320 1029.585600
2.711147 1686.203520 1080.000000
2.727388 1740.850560 1036.800000
2.744040 1717.749120 1066.111200
2.760293 1663.620480 1080.000000
2.776846 1629.448320 1080.000000
2.793184 1645.378560 1080.000000
2.809602 1612.871040 1080.000000
2.826094 1635.269760 1080.000000
2.842624 1649.439360 1072.018800
2.858879 1668.695040 1032.264000
2.875451 1688.816640 1031.173200
2.891869 1678.631040 1045.072800
2.907884 1606.110720 1080.000000
2.924681 1669.192320 1023.494400
2.940947 1669.192320 1023.494400
2.957016 1653.834240 1012.316400
2.973747 1669.635840 951.609600
2.990374 1669.635840 951.609600
3.006281 1709.585280 825.228000
3.023259 1672.529280 977.810400
3.039158 1667.562240 987.055200
3.056034 1591.077120 1080.000000
3.072577 1608.399360 1027.263600
3.088838 1617.730560 1012.791600
3.105404 1567.326720 1057.201200
3.121933 1583.191680 1018.947600
3.138143 1587.436800 1010.350800
3.154631 1730.094720 936.100800
3.170935 1704.270720 918.907200
3.187574 1688.945280 944.265600
3.203771 1635.108480 983.577600
3.220469 1615.042560 1012.402800
3.236563 1624.458240 997.747200
3.253303 1737.653760 816.069600
3.269595 1680.835200 998.816400
3.286149 1690.922880 984.484800
3.302530 1668.933120 902.620800
3.318866 1345.246080 904.424400
3.335126 1345.246080 904.424400
3.351724 427.484160 801.219600
3.368428 118.032000 875.577600
3.384020 134.027520 899.920800
3.400867 152.979840 1027.954800
3.417389 138.973440 1044.025200
3.433758 162.560640 1074.189600
3.449995 294.168960 1080.000000
3.466350 192.562560 1056.801600
3.482755 175.628160 1033.441200
3.499215 197.736960 1080.000000
3.515664 190.262400 1080.000000
3.532116 169.094400 1060.441200
3.548550 197.844480 1037.858400
3.564967 185.975040 1009.465200
3.581378 185.975040 1009.465200
3.597871 88.947840 790.084800
3.614548 168.802560 878.083200
3.630878 168.802560 878.083200
3.647311 101.335680 784.987200
3.663941 93.861120 764.413200
3.680347 93.861120 764.413200
3.696856 76.786560 945.216000
3.713086 151.739520 939.751200
3.729653 156.696960 946.674000
3.745766 175.067520 964.666800
3.762326 144.902400 957.474000
3.778623 155.940480 972.918000
3.795583 191.028480 1080.000000
3.811652 148.293120 1066.964400
3.827995 148.293120 1066.964400
3.844522 142.807680 1076.252400
3.861097 219.379200 981.763200
3.877413 229.854720 997.531200
3.893947 216.787200 974.300400
3.910253 278.822400 960.271200
3.926790 278.822400 960.271200
3.943196 178.836480 842.572800
3.959740 191.742720 946.242000
3.976040 195.866880 952.419600
3.992515 246.303360 831.643200
4.008771 262.504320 937.083600
4.025002 277.407360 962.042400
4.041775 278.423040 1034.953200
4.057877 227.998080 919.231200
4.074621 211.895040 893.926800
4.090978 294.428160 1038.657600
4.107497 215.544960 959.061600
4.123742 213.146880 955.357200
4.140366 182.528640 865.285200
4.156603 221.971200 863.103600
4.173340 218.071680 855.856800
4.189489 166.156800 833.738400
4.206148 187.777920 818.316000
4.222208 174.117120 795.128400
4.238757 137.245440 718.178400
4.255371 130.527360 747.781200
4.271272 149.740800 778.442400
4.288238 233.710080 905.968800
4.304260 216.366720 957.690000
4.321225 227.176320 974.646000
4.337361 155.518080 874.260000
4.354022 177.022080 803.800800
4.370174 148.606080 755.946000
4.386329 123.400320 777.146400
4.402755 165.367680 777.243600
4.419215 190.295040 819.558000
4.435621 205.242240 967.669200
4.452446 193.697280 1080.000000
4.468701 205.165440 1080.000000
4.484967 230.363520 948.618000
4.501924 224.315520 1013.504400
4.518127 198.837120 976.676400
4.534655 160.076160 1025.233200
4.550457 118.118400 940.906800
4.567507 95.070720 908.744400
4.583518 90.988800 813.196800
4.599723 98.753280 839.570400
4.616389 110.244480 856.699200
4.632870 107.360640 1080.000000
4.649053 165.173760 1080.000000
4.665595 181.384320 1080.000000
4.681994 249.317760 1080.000000
4.698526 163.263360 1080.000000
4.714837 169.418880 1080.000000
4.731286 384.867840 1080.000000
4.747852 275.896320 1080.000000
4.764414 273.984000 1080.000000
4.780676 165.767040 1080.000000
4.797378 200.954880 1080.000000
4.813908 199.701120 1080.000000
