0.000000 16.097697 60.048234
0.016447 12.455328 48.406283
0.032798 6.085109 29.569236
0.049303 -0.769604 5.269907
0.066181 -4.483726 -9.123607
0.082525 -1.538584 2.057124
0.099138 -1.615519 -1.784404
0.115184 -2.280419 -5.879629
0.131943 -3.434667 -7.391435
0.148143 -4.761637 -4.708632
0.164767 -3.620327 -1.274079
0.180831 -1.449022 -0.701461
0.197707 0.506685 -3.488765
0.213869 2.727856 -3.572297
0.230390 -3.021193 2.322094
0.246605 0.288541 0.932242
0.262987 15.464912 -11.904542
0.279495 33.509215 -25.859364
0.295754 45.017212 -37.748819
0.312191 46.848700 -44.530400
0.328598 38.807406 -38.821961
0.345016 22.033781 -25.801458
0.361393 3.579925 -8.461723
0.377992 -10.091305 4.308469
0.394409 -5.104008 -1.088607
0.410761 0.149732 -4.598818
0.427214 1.484417 -0.967175
0.443859 0.579294 0.643734
0.460047 1.164574 2.434368
0.476679 1.288384 1.925380
0.493186 -0.070276 -1.688446
0.509737 -0.764644 -4.825067
0.525902 -1.030357 -7.013414
0.542246 0.027076 -4.944569
0.558414 -0.961281 0.470897
0.575235 -4.413373 1.817227
0.591835 -8.512029 -1.062498
0.607914 2.267933 6.976938
0.624575 15.250808 13.107081
0.640926 30.147016 28.179741
0.657671 40.433896 39.786079
0.673782 42.250084 42.979087
0.690476 34.204460 37.795479
0.706694 19.219432 23.611039
0.723304 4.240061 8.277353
0.739662 -2.957294 -0.112273
0.756259 -1.651398 0.206449
0.772362 -4.505668 -2.739763
0.789030 -2.381281 4.132685
0.805309 -1.680961 3.035743
0.821908 -0.142781 2.396278
0.838278 1.357254 3.199659
0.854775 2.423279 0.437944
0.871049 2.287815 -2.629566
0.887310 1.576746 -6.506138
0.903977 0.080650 -7.391644
0.920289 -1.926032 -5.747736
0.936886 -2.087940 0.273056
0.952850 -0.833084 4.906723
0.969211 0.790689 7.704737
0.985704 3.721440 10.679521
1.002112 3.621796 5.417420
1.018514 1.324658 -0.233263
1.034900 -1.965152 -6.241526
1.051340 -4.358269 -6.737199
1.067778 -4.102717 -4.982857
1.084209 -2.006464 -1.926469
1.100728 0.619481 -0.482384
1.117028 2.979975 0.403627
1.133964 3.753294 -0.135162
1.150295 0.297726 -1.299790
1.166467 -2.022439 2.841287
1.182869 -2.248819 3.055551
1.199472 -1.083856 2.209254
1.216170 -0.225310 -2.103922
1.232430 0.900101 -7.500832
1.249019 2.864098 -10.615887
1.265188 6.242511 -5.413999
1.282006 7.974464 0.812351
1.298116 -4.903093 -3.361229
1.314597 -20.046072 -11.722011
1.330885 -34.218779 -28.961654
1.347428 -42.695034 -41.150391
1.363875 -41.928769 -45.153480
1.380479 -31.922543 -38.722963
1.396486 -16.451584 -24.607076
1.412799 -2.377492 -8.381181
1.429332 3.140221 -1.696653
1.445882 0.532608 0.072075
1.462168 2.836362 3.603723
1.478590 2.167245 0.000000
1.495039 1.738744 -0.322059
1.511414 0.812245 0.144717
1.527770 0.508040 0.165897
1.544383 -0.077567 1.023012
1.560758 3.023140 -2.817882
1.577244 5.594015 -4.605754
1.593837 -5.906184 9.324573
1.609978 -19.809536 22.816246
1.626718 -34.830926 41.212550
1.643031 -44.198142 54.426811
1.659758 -43.951753 58.048468
1.676035 -33.627179 48.490013
1.692057 -17.023609 29.089384
1.708728 0.103497 7.443637
1.725518 5.434857 -3.803869
1.741841 2.933722 -6.083125
1.758342 4.398769 -9.441965
1.774691 0.845544 -4.361341
1.790792 -0.675538 -0.852373
1.807583 -1.805111 3.262542
1.823683 -1.837538 6.827859
1.840455 1.514909 6.230928
1.856724 5.182252 3.473441
1.873032 7.543842 -0.004169
1.889505 8.310562 -6.356134
1.906195 5.934560 -15.296254
1.922342 0.648040 -20.168360
1.939112 -3.666058 -14.879576
1.955362 -5.275852 -6.329491
1.971838 -4.743744 5.352424
1.988185 -1.220233 12.076399
2.004521 0.706869 15.162281
2.020996 2.393449 15.389849
2.037628 2.533253 4.423137
2.053958 2.527764 -7.554498
2.070185 0.716446 -14.554560
2.086800 -0.838101 -15.165171
2.103025 -2.479164 -11.997915
2.119703 -3.787698 -6.245431
2.135985 -2.696242 -0.806812
2.152589 -0.833507 3.037065
2.168847 -0.182509 4.774658
2.185385 -2.222833 2.309155
2.201681 -4.003944 4.444915
2.218284 -7.448960 6.687333
2.234508 -7.899061 7.678951
2.251237 -6.126000 6.673360
2.267381 -2.542897 3.406567
2.283435 0.902988 -0.814423
2.300401 2.372985 -5.754745
2.316892 1.536483 -5.984101
2.332776 1.567042 -3.392718
2.349757 2.332270 -0.946433
2.366069 2.095481 -0.530588
2.382659 1.479416 1.065335
2.398997 -0.354215 3.642396
2.415128 -3.907764 1.502283
2.431682 -5.655550 -1.156876
2.447985 -4.832281 -2.136111
2.464563 -0.991088 -0.067090
2.480909 3.160392 1.922371
2.497660 5.480082 3.007908
2.513836 5.895706 3.328455
2.530172 4.438638 5.641915
2.546724 2.983710 6.040702
2.562955 0.109031 5.150826
2.579330 -0.503696 2.979103
2.595782 -1.413549 -3.007963
2.611998 -2.116564 -6.134500
2.628511 -3.280080 -7.479808
2.644992 -4.198148 -6.770672
2.661392 -3.808088 -1.888631
2.677921 -2.234401 2.654157
2.694340 0.035906 4.531284
2.710710 1.475057 5.372693
2.727332 4.803029 0.344526
2.743754 6.140513 -3.667813
2.760087 7.014151 -4.258057
2.776843 6.794585 -5.802247
2.793303 6.564309 -5.667175
2.809547 6.477312 -3.479160
2.826144 4.470424 -1.573908
2.842218 0.632911 2.959984
2.858808 -2.428765 2.700642
2.875245 -4.042688 -1.553730
2.891884 -4.960653 -4.428880
2.908202 -3.517629 -3.747865
2.924703 -0.787841 -1.094205
2.940482 2.495753 2.708051
2.957036 4.721233 6.502648
2.973840 3.947859 7.945069
2.989777 0.644694 3.737360
3.006774 -1.059222 -2.222092
3.023219 -2.452956 -3.670187
3.039664 -1.541822 -1.617631
3.056162 -0.464363 2.361668
3.072552 1.489546 3.941778
3.088972 2.419110 5.119411
3.105477 1.821394 1.639809
3.121612 -1.034578 -3.409431
3.137819 -3.449804 -7.625383
3.153985 -2.548687 -6.998616
3.170563 -2.631663 -6.184208
3.187098 -2.205598 -5.448707
3.203487 -2.630821 -4.387559
3.219904 -1.600258 -2.937408
3.236368 -1.021246 -0.788697
3.252762 0.710695 -1.367399
3.269220 1.334817 -0.033621
3.285648 1.907000 0.666806
3.302092 1.149572 -0.310135
3.318569 0.441584 -1.224623
3.335397 2.167485 -1.118146
3.351723 -0.082918 0.888041
3.367646 -1.507986 3.948230
3.384731 -2.792408 6.834415
3.400898 -2.110052 6.316206
3.417486 -2.600715 6.124908
3.433851 -1.495750 5.212010
3.450532 -0.739792 3.739213
3.466566 1.734128 3.740093
3.483459 2.963090 4.607734
3.499582 0.391466 4.314345
3.516197 3.250507 14.834723
3.532369 -0.640290 -1.345700
3.549031 -6.434050 -27.370877
3.565236 -12.199381 -48.992669
3.581902 -15.081400 -60.667124
