0.000000 60.293037 0.000000
0.016330 47.215183 0.000000
0.032800 23.346236 0.000000
0.049455 -0.726556 0.000000
0.065550 -13.151171 0.000000
0.082084 1.532721 0.000000
0.098518 1.168050 0.000000
0.114873 0.344498 0.000000
0.131393 -0.172263 0.000000
0.147753 -1.201752 0.000000
0.164077 -1.940781 0.000000
0.180555 -1.995258 0.000000
0.197029 0.331811 0.000000
0.213390 2.393829 0.000000
0.230059 1.820864 0.000000
0.246255 0.543084 0.000000
0.262772 -0.191296 0.000000
0.279225 -0.494926 0.000000
0.295632 -0.790839 0.000000
0.312128 1.837879 -1.300730
0.328398 3.578285 -7.134389
0.345195 -3.762807 2.291606
0.361810 -13.225026 13.965932
0.378064 -23.830624 29.334191
0.394687 -29.758460 41.525958
0.411043 -29.869944 46.581629
0.427543 -23.666888 41.532940
0.443911 -12.972771 27.368033
0.460080 -2.750536 10.018252
0.476858 1.164357 -3.854761
0.493001 0.521851 -4.155030
0.509646 1.395343 -7.426016
0.525578 1.426750 -4.022245
0.542577 1.362548 -3.573991
0.558755 3.563075 -8.386704
0.575455 -0.342888 -7.185828
0.591649 -5.472729 1.400418
0.608292 -9.698223 13.556448
0.624501 -11.427574 20.404713
0.640952 -10.586289 24.326178
0.657368 -6.335967 21.304373
0.674063 -1.808596 12.562333
0.690335 2.640592 1.821272
0.706766 -7.502474 -4.944279
0.723214 -0.402743 -1.743320
0.739682 29.607988 1.237889
0.755868 61.183948 2.940808
0.772551 81.185156 0.641414
0.789018 83.593111 0.356098
0.805198 68.107892 -0.808026
0.821876 37.692381 -2.477028
0.837964 5.979697 -2.663709
0.854140 -15.891963 0.244240
0.870900 -6.735212 0.222270
0.887548 -1.796262 1.087915
0.903753 -2.250259 1.655388
0.920461 -1.029622 -1.957611
0.936762 -0.155281 -3.221833
0.953321 0.153535 -3.116389
0.969541 -0.901594 -2.782123
0.986170 -0.366176 0.508222
1.002447 0.343174 3.061884
1.018919 -0.825745 2.391135
1.035387 -1.273742 3.939012
1.051572 -3.194897 5.444911
1.068095 1.329714 2.118878
1.084537 2.907088 -1.175333
1.100963 4.132176 -6.127466
1.117354 4.170848 -9.344963
1.133747 5.277123 -9.781478
1.150279 5.824568 -10.369704
1.166776 4.133168 -8.741946
1.182626 2.797822 -4.380691
1.199441 1.046967 0.887766
1.215842 1.920517 1.418523
1.231998 -2.474869 4.114535
1.248522 -3.242157 6.203643
1.264909 -0.553259 12.491676
1.281206 -3.146141 2.301714
1.297753 -1.220863 -9.608922
1.314258 -14.632173 -29.311185
1.330675 -29.871504 -46.695587
1.347090 -40.564095 -54.798329
1.363604 -42.835957 -51.514478
1.380138 -35.533510 -36.186705
1.396498 -21.182092 -16.958722
1.413018 -6.724374 -1.121593
1.429529 2.837502 0.812771
1.446293 9.751207 4.823310
1.462329 1.114381 0.000000
1.478870 1.027952 0.000000
1.495197 0.376715 0.000000
1.511824 0.094825 0.000000
1.528027 0.574765 0.000000
1.544698 1.377012 0.000000
1.560962 0.661618 0.000000
1.577544 0.025478 0.000000
1.593853 -0.213437 0.000000
1.610216 -1.062161 0.000000
1.626476 -1.688523 0.000000
1.643237 -2.835236 0.000000
1.659647 -2.353263 0.000000
1.675798 -0.886489 0.000000
1.692523 0.740585 0.000000
1.708595 0.501109 0.000000
1.725353 1.859964 0.000000
1.741554 2.271611 0.000000
1.758265 1.128801 0.000000
1.774509 0.470353 0.000000
1.791250 1.153557 0.000000
1.807301 1.602594 0.000000
1.823885 0.295181 0.000000
1.840260 -1.299601 0.000000
1.856852 -3.546588 0.000000
1.873116 -3.388944 0.000000
1.889673 -2.117085 0.000000
1.905976 -2.046777 0.000000
1.922361 -0.100699 0.000000
1.938915 1.670083 0.000000
1.955419 2.944330 0.000000
1.971794 2.553896 0.000000
1.987718 1.058615 0.000000
2.004798 -1.381588 0.000000
2.020851 -2.109270 0.000000
2.037565 -2.674301 0.000000
2.053780 -2.674772 0.000000
2.070482 0.188967 0.000000
2.086679 2.399259 0.000000
2.103249 2.530657 0.000000
2.119457 0.570127 0.000000
2.136129 -1.010869 0.000000
2.152319 -1.265836 0.000000
2.169118 -0.218444 0.000000
2.185247 0.764912 0.000000
2.201847 1.318625 0.000000
2.218037 1.605569 0.000000
2.234194 1.669936 0.000000
2.250833 0.045114 0.000000
2.267074 -0.645741 0.000000
2.283802 -0.616639 0.000000
2.300402 -0.339626 0.000000
2.316190 -0.929752 0.000000
2.332933 -2.075278 0.000000
2.349116 -2.327874 0.000000
2.365550 -0.826825 0.000000
2.382089 1.747375 0.000000
2.398343 1.658903 0.000000
2.414928 1.994442 0.000000
2.431355 1.445462 0.000000
2.447779 0.668803 0.000000
2.464199 -0.710451 0.000000
2.480632 -2.282704 0.000000
2.496908 -1.744789 0.000000
2.513459 -0.870929 0.000000
2.530153 -0.438027 0.000000
2.546327 -0.753691 0.000000
2.563056 0.756517 0.000000
2.579514 1.196907 0.000000
2.595986 1.616250 0.000000
2.612393 0.348039 0.000000
2.628696 0.361279 0.000000
2.645327 0.016704 0.000000
2.661426 -1.389913 0.000000
2.678194 -3.087123 0.000000
2.694560 -3.391680 0.000000
2.711217 -2.890108 0.000000
2.727285 -1.866561 0.000000
2.743983 0.364904 0.000000
2.760226 1.577446 0.000000
2.776514 2.596440 0.000000
2.792760 0.990370 0.000000
2.809646 -0.520175 0.000000
2.825491 -1.899807 0.000000
2.842544 -1.165621 0.000000
2.858775 -1.332949 0.000000
2.875047 -1.604066 0.000000
2.891587 -1.092216 0.000000
2.908224 -0.163236 0.000000
2.924583 1.214927 0.000000
2.941097 1.377054 0.000000
2.957452 1.693565 0.000000
2.973897 1.623672 0.000000
2.990042 1.139497 0.000000
3.006741 -0.808299 0.000000
3.023015 -2.416578 0.000000
3.039624 -1.196638 0.000000
3.055948 0.751405 0.000000
3.072531 2.134689 0.000000
3.088912 2.403514 0.000000
3.105175 2.480145 0.000000
3.121768 2.082136 0.000000
3.138042 0.761045 0.000000
3.154588 -0.430193 0.000000
3.170895 -1.285141 0.000000
3.187423 0.834550 0.000000
3.203697 0.958676 0.000000
3.220409 0.270325 0.000000
3.236678 -0.101759 0.000000
3.253219 0.091788 0.000000
3.269466 0.155051 0.000000
3.285905 0.135723 0.000000
3.302372 0.287053 0.000000
3.319063 0.813362 0.000000
3.335288 0.048421 0.000000
3.351802 -1.338474 0.000000
3.367993 -0.521056 0.000000
3.384348 0.614459 0.000000
3.400909 0.719702 0.000000
3.417203 -0.019905 0.000000
3.433497 -0.517128 0.000000
3.450046 -1.348906 0.000000
3.466902 -2.155033 0.000000
3.482678 -2.618700 0.000000
3.499638 -0.022941 0.000000
3.515695 2.012367 0.000000
3.531911 3.026310 0.000000
3.548480 2.452875 0.000000
3.564897 1.352045 0.000000
3.581159 -0.564770 0.000000
3.597762 -2.562570 0.000000
3.614126 -4.104838 0.000000
3.630660 -2.278667 0.000000
3.647112 -0.059269 0.000000
3.663395 1.137104 0.000000
3.680168 1.553015 0.000000
3.696536 0.937114 0.000000
3.713177 0.905011 0.000000
3.729419 -0.186167 0.000000
3.745983 -0.523701 0.000000
3.762238 -0.743702 0.000000
3.778768 0.480696 0.000000
3.795203 -0.565262 0.000000
3.811347 -1.485071 0.000000
3.827980 -0.920303 0.000000
3.844601 -0.080922 0.000000
3.860872 0.788070 0.000000
3.877513 0.435510 0.000000
3.893777 0.863897 0.000000
3.910396 1.029190 0.000000
3.926651 1.415399 0.000000
3.943277 0.334592 0.000000
3.959644 -0.748443 0.000000
3.975814 -0.109338 0.000000
3.992534 -0.169750 0.000000
4.008599 0.210189 0.000000
4.025341 -0.252968 0.000000
4.041259 -0.374906 0.000000
4.058121 -1.101333 0.000000
4.074447 -1.048764 0.000000
4.090547 -1.962218 0.000000
4.107238 -2.410139 0.000000
4.123839 -1.080860 0.000000
4.140088 -0.388300 0.000000
4.156791 0.276202 0.000000
4.172992 -0.819815 0.000000
4.189707 -0.660911 0.000000
4.205838 0.534345 0.000000
4.222290 0.361688 0.000000
4.238839 0.369019 0.000000
4.255327 1.753659 0.000000
4.271750 2.553475 0.000000
4.288164 2.084736 0.000000
4.304621 0.790847 0.000000
4.320758 0.504547 0.000000
4.337470 1.239952 0.000000
4.353646 1.046280 0.000000
4.370270 0.642696 0.000000
4.386506 1.855847 0.000000
4.403153 2.066154 0.000000
4.419383 0.456275 0.000000
4.436033 -0.671017 0.000000
4.452277 -1.882017 0.000000
4.469019 -1.286224 0.000000
4.485269 -0.776866 0.000000
4.501702 0.375283 0.000000
4.517908 1.512018 0.000000
4.534146 2.385880 0.000000
4.550497 16.642189 0.000000
4.566900 1.641136 0.000000
4.583441 -24.186640 0.000000
4.599801 -48.511086 0.000000
4.616211 -62.325682 0.000000
