0.000000 64.404394 0.000000
0.016674 50.292355 0.000000
0.032765 25.832019 0.000000
0.049756 -0.088016 0.000000
0.066094 -14.868877 0.000000
0.082425 -0.774268 0.000000
0.098981 -1.534495 0.000000
0.115472 -1.068305 0.000000
0.131714 -0.198679 0.000000
0.148311 -0.282801 0.000000
0.164677 0.395423 0.000000
0.180999 1.117309 0.000000
0.197560 1.933927 0.000000
0.213815 1.988775 0.000000
0.230324 1.815917 0.000000
0.246616 -0.514844 0.000000
0.263418 -0.085009 0.000000
0.279538 0.448317 0.000000
0.295927 0.142652 0.000000
0.312255 -0.315475 0.000000
0.329053 0.340618 0.000000
0.345067 1.395874 -1.879449
0.361251 -5.399635 -0.037589
0.378017 -8.607154 -6.963951
0.394234 -21.713542 8.221244
0.410632 -32.159148 26.783982
0.427185 -37.849613 40.316031
0.443430 -36.778683 44.132321
0.459828 -28.973779 38.062989
0.476463 -18.104743 23.663644
0.492900 -8.113609 6.543710
0.509174 -1.987331 -8.000128
0.525812 3.458045 -17.362273
0.542393 -0.351360 -4.061317
0.558687 1.740546 -4.442287
0.575178 2.316022 -2.828608
0.591872 1.650905 -0.772656
0.608365 -0.027018 3.211825
0.624563 -1.837146 6.498490
0.641282 -0.592630 7.675415
0.657193 0.801429 5.852393
0.673457 3.965530 0.876450
0.689898 5.220743 5.873682
0.706454 3.677246 11.470939
0.722759 1.467198 17.454353
0.739171 -0.932630 21.259526
0.755632 -3.328530 21.723683
0.772069 -4.351348 16.754129
0.788502 -3.236462 8.448081
0.804963 -1.290707 0.145859
0.821296 0.803591 -4.074603
0.838050 1.133591 0.597829
0.854665 1.387813 0.126707
0.871024 0.787947 -0.641934
0.887617 -2.874767 -2.150977
0.903899 -2.046394 -2.359613
0.919813 -12.238142 -1.074530
0.936523 0.997150 -0.019079
0.953286 35.415651 0.636580
0.969514 69.566168 0.978160
0.986111 92.434966 -1.917948
1.002492 93.547297 -5.331121
1.018979 74.520491 -7.230948
1.035512 41.232161 -6.078752
1.051863 6.795818 -2.696154
1.068309 -20.683767 1.111942
1.084507 -12.169505 2.170208
1.101210 -4.789479 1.982122
1.117443 -0.486158 0.240708
1.134096 2.843844 -2.272432
1.150236 2.728315 -3.482842
1.166956 2.883382 -5.091520
1.183126 0.227504 -4.869151
1.199805 -2.150976 -4.356552
1.216003 -3.265861 -2.729301
1.232564 -0.456717 -0.665194
1.248880 -0.145719 1.278881
1.265373 -0.347697 2.091523
1.281560 -2.433825 2.285292
1.298254 -2.769991 0.826544
1.314701 -2.537094 -0.439758
1.331010 -1.833228 -1.669391
1.347691 0.585027 -1.662546
1.363705 2.842298 0.273449
1.380332 3.918423 0.641882
1.396616 1.904707 0.579715
1.413159 3.384990 6.278512
1.429315 2.181137 7.041848
1.446240 -7.580648 -8.301670
1.462465 -15.365125 -24.092895
1.478886 -29.157818 -40.880413
1.495314 -39.994302 -50.120146
1.511931 -43.506387 -50.070821
1.527976 -38.148996 -40.171232
1.544207 -24.251289 -21.636154
1.560727 -7.555951 -4.736608
1.576960 -0.002705 0.245378
1.593603 3.291019 -0.104722
1.609976 6.718718 2.946498
1.626378 0.343330 0.000000
1.642888 -0.235260 0.000000
1.659342 -0.177946 0.000000
1.675742 0.844947 0.000000
1.692502 0.860014 0.000000
1.708521 -0.960288 0.000000
1.725166 -3.256712 0.000000
1.741700 -2.217986 0.000000
1.758081 -0.766120 0.000000
1.774259 1.043912 0.000000
1.791254 3.681482 0.000000
1.807471 4.846462 0.000000
1.823972 4.481374 0.000000
1.840318 2.182077 0.000000
1.856908 -0.215660 0.000000
1.873169 -1.110365 0.000000
1.889484 -0.938522 0.000000
1.906105 -1.216382 0.000000
1.922481 -0.729285 0.000000
1.938979 0.562673 0.000000
1.955387 2.203718 0.000000
1.971987 3.313107 0.000000
1.987913 1.967374 0.000000
2.004744 -0.274891 0.000000
2.020936 -1.391556 0.000000
2.037618 -2.381503 0.000000
2.053834 -2.122085 0.000000
2.070441 -1.342241 0.000000
2.086641 -0.477341 0.000000
2.103279 4.635240 0.000000
2.119511 3.690567 -5.747365
2.135841 -10.629228 -0.409243
2.152415 -24.755004 4.599128
2.169038 -38.522129 19.268995
2.184769 -44.797579 35.962951
2.201357 -41.264963 47.475571
2.218206 -28.941947 48.132418
2.234485 -11.595407 38.263321
2.251089 3.036182 22.278545
2.267309 4.237483 3.191591
2.284036 0.636093 -4.656184
2.300220 0.000932 -12.389190
2.316610 -2.351886 -6.048574
2.333268 -1.700057 -3.795992
2.349560 -2.255367 -2.489528
2.366179 -0.613329 -1.561839
2.382432 0.564311 1.638293
2.399061 1.634694 5.332424
2.415217 2.452702 6.859007
2.431739 3.922293 9.740243
2.448242 5.392716 10.119233
2.464635 4.471579 4.862694
2.481170 0.738911 -2.909997
2.497047 -2.555285 -9.511054
2.513981 -4.769221 -10.388760
2.530093 -5.796094 -7.290024
2.546814 -3.502145 -1.587727
2.562861 -1.221323 3.263428
2.579388 3.462040 6.215591
2.596041 -5.797873 6.616658
2.612449 1.346511 1.691500
2.629089 29.388039 -1.020647
2.645034 59.133021 -6.280089
2.661786 81.368280 -2.555514
2.677924 86.528577 1.245608
2.694260 72.343642 6.243758
2.710671 44.153201 6.785674
2.727089 12.707656 2.831987
2.743504 -11.047827 -4.176480
2.759974 -6.100003 -11.067112
2.776405 -0.658392 -11.935937
2.792819 -0.139179 -7.061120
2.809289 0.492327 1.970628
2.825914 -2.037709 6.239040
2.842138 -4.231583 8.425462
2.858475 -3.940164 6.421069
2.874968 -3.626591 1.773024
2.891343 -4.084210 -5.060507
2.907827 -2.054222 -2.683871
2.924169 3.007300 2.807718
2.940509 6.977689 8.579732
2.957105 7.953017 11.651647
2.973536 6.043521 13.244499
2.989932 3.378494 10.431792
3.006326 1.108372 4.092641
3.022751 -2.635279 -2.503956
3.039480 -3.900276 -5.256157
3.055998 -1.246024 -1.941800
3.072539 1.101341 -2.697524
3.088798 1.980591 -2.135292
3.105369 1.701719 -3.032319
3.121621 2.037299 -4.777875
3.137873 2.997030 -6.188235
3.154501 4.836052 -9.496729
3.171153 3.451580 -4.386316
3.187406 11.072202 18.565790
3.203994 -3.667238 10.768460
3.220288 -24.910846 -11.712713
3.236883 -42.831154 -36.773235
3.252864 -51.195270 -56.103442
3.466587 -47.442080 -62.587843
3.483184 -33.971629 -52.643391
3.499587 -14.646805 -29.597104
3.515734 2.840320 1.082776
3.532535 12.732175 15.879230
3.548759 2.190907 0.000000
3.565340 1.922625 -0.455646
3.581885 0.946313 -0.774290
3.597957 -1.173249 -0.818931
3.614759 -3.675244 -0.452567
3.631036 -5.540850 0.461803
3.647310 -6.655322 0.000000
3.663810 -5.648567 0.000000
3.680276 -3.338736 0.000000
3.696689 -1.330302 0.000000
3.712908 0.182635 0.000000
3.729267 1.928692 0.000000
3.745804 1.130455 0.000000
3.762551 0.731062 0.000000
3.778688 0.717671 0.000000
3.795219 -0.030627 0.000000
3.811543 0.469199 0.000000
3.827697 0.506681 0.000000
3.844173 0.867051 0.000000
3.860659 1.211065 0.000000
3.876956 0.924128 0.000000
3.893487 -0.520738 0.000000
3.909937 -0.582287 0.000000
3.926396 -0.801898 0.000000
3.942842 -0.678133 0.000000
3.959316 0.401375 0.000000
3.975884 1.034385 0.000000
3.992090 2.040157 0.000000
4.008721 1.657318 0.000000
4.025294 1.313030 0.000000
4.041770 0.021535 0.000000
4.058075 -0.816859 0.000000
4.074480 -2.304375 0.000000
4.090835 -1.682045 0.000000
4.107607 -1.812426 0.000000
4.123788 -2.692974 0.000000
4.140034 -1.813410 0.000000
4.156260 -1.109872 0.000000
4.173092 -0.254207 0.000000
4.189665 0.821824 0.000000
4.205664 1.610705 0.000000
4.222466 2.180198 0.000000
4.238724 1.271535 0.000000
4.255395 -1.007910 0.000000
4.271580 -2.039059 0.000000
4.288143 -0.028096 0.000000
4.304490 0.732285 0.000000
4.321061 0.971125 0.000000
4.337270 2.096185 0.000000
4.353898 1.249758 0.000000
4.370105 0.104228 0.000000
4.386607 -1.647362 0.000000
4.403002 -1.736257 0.000000
4.419609 -1.536333 0.000000
4.436028 -0.205948 0.000000
4.452531 13.886069 0.000000
4.468788 1.536974 0.000000
4.485127 -21.713707 0.000000
4.501783 -45.367265 0.000000
4.517834 -59.444746 0.000000
