0.000000 1698.362880 824.796000
0.016445 1696.959360 833.781600
0.033157 1706.344320 809.416800
0.049338 1697.122560 772.318800
0.065855 1719.780480 740.404800
0.082755 1704.574080 768.484800
0.099107 1675.284480 857.552400
0.115364 1627.764480 919.695600
0.131797 1616.163840 952.624800
0.148398 1630.237440 875.642400
0.164629 1652.484480 854.971200
0.181274 1662.756480 828.144000
0.197505 1678.773120 929.372400
0.214200 1675.985280 842.475600
0.230457 1666.191360 862.671600
0.247097 1676.699520 925.473600
0.263369 1668.965760 926.521200
0.279892 1676.503680 911.736000
0.296112 1702.229760 928.886400
0.312722 1686.084480 942.818400
0.329118 1686.084480 942.818400
0.345183 1632.462720 1080.000000
0.361897 1662.529920 1037.469600
0.378260 1662.529920 1037.469600
0.394822 1689.281280 1080.000000
0.411020 1694.421120 1080.000000
0.427672 1694.421120 1080.000000
0.443943 1672.832640 1036.443600
0.460429 1645.735680 1080.000000
0.476886 1638.445440 1080.000000
0.493234 1674.917760 1078.282800
0.509736 1682.217600 1056.423600
0.526273 1689.960960 1043.107200
0.542377 1665.358080 1057.827600
0.559223 1613.735040 1021.971600
0.575265 1620.462720 1008.698400
0.591508 725.921280 935.107200
0.608063 344.960640 938.563200
0.624411 344.960640 938.563200
0.640785 280.529280 1027.306800
0.657278 268.195200 947.797200
0.673712 260.937600 937.699200
0.690174 311.255040 943.855200
0.706576 292.560000 957.441600
0.723009 291.490560 955.335600
0.739831 267.828480 954.849600
0.755939 280.302720 925.333200
0.772444 287.301120 935.409600
0.788970 378.656640 922.892400
0.805522 797.946240 246.780000
0.821857 798.238080 250.052400
0.838418 1017.488640 0.000000
0.854808 991.438080 0.000000
0.871274 993.285120 0.000000
0.887591 955.226880 0.000000
0.904003 1023.980160 0.000000
0.920444 1021.948800 0.000000
0.936804 1021.150080 0.000000
0.953343 1018.859520 0.000000
0.969877 1018.752000 0.000000
0.986414 1038.159360 0.000000
1.002504 1001.990400 0.000000
1.018671 1001.990400 0.000000
1.035478 986.568960 0.000000
1.051953 980.789760 0.000000
1.068238 980.789760 0.000000
1.084249 991.881600 0.000000
1.100693 933.141120 0.000000
1.117220 932.513280 0.000000
1.133644 930.624000 0.000000
1.150006 953.433600 0.000000
1.166543 951.899520 0.000000
1.182828 953.713920 0.000000
1.199662 945.419520 0.000000
1.216051 945.916800 0.000000
1.232576 957.095040 0.000000
1.249070 957.029760 0.000000
1.265537 958.834560 0.000000
1.281974 968.628480 0.000000
1.298144 971.717760 0.000000
1.314850 971.502720 0.000000
1.331047 966.685440 0.000000
1.347752 969.179520 0.000000
1.363947 968.952960 0.000000
1.380519 965.237760 0.000000
1.396798 963.932160 0.000000
1.413308 962.451840 0.000000
1.429680 984.990720 0.000000
1.446314 976.037760 0.000000
1.462583 976.341120 0.000000
1.479191 961.706880 0.000000
1.495451 956.133120 0.000000
1.512100 959.525760 0.000000
1.528363 994.106880 0.000000
1.544827 980.259840 0.000000
1.561160 978.101760 0.000000
1.577592 964.147200 0.000000
1.593977 949.718400 0.000000
1.610263 948.756480 0.000000
1.626858 965.011200 0.000000
1.643109 952.471680 0.000000
1.660093 954.428160 0.000000
1.675729 1001.429760 91.508400
1.692695 968.726400 120.571200
1.709067 968.705280 118.810800
1.725029 967.299840 55.263600
1.741653 967.150080 114.112800
1.757991 967.365120 138.261600
1.774302 977.431680 78.246000
1.790671 988.026240 128.682000
1.807161 986.449920 141.145200
1.823666 961.772160 182.790000
1.840198 953.207040 172.670400
1.856560 954.654720 161.686800
1.873148 1010.609280 92.566800
1.889627 1007.996160 78.613200
1.906129 1008.190080 52.390800
1.922183 956.305920 66.884400
1.938646 958.239360 5.788800
1.955356 960.119040 0.000000
1.971980 943.292160 32.670000
1.988301 986.664960 0.000000
2.004900 982.604160 0.000000
2.021067 964.709760 0.000000
2.037795 949.480320 0.000000
2.054251 951.943680 50.220000
2.070471 970.120320 65.620800
2.086964 979.741440 59.032800
2.102872 977.971200 45.176400
2.119346 956.889600 85.482000
2.135675 953.617920 71.118000
2.152168 954.923520 59.950800
2.168581 939.836160 21.146400
2.185005 964.028160 0.000000
2.201369 963.995520 0.000000
2.217987 315.012480 658.162800
2.234249 115.925760 963.306000
2.250700 104.359680 945.086400
2.267181 179.882880 844.570800
2.283899 138.207360 794.610000
2.300538 141.121920 803.001600
2.316805 180.639360 742.273200
2.333365 228.689280 904.478400
2.349634 244.986240 932.428800
2.366246 187.292160 814.168800
2.382577 189.991680 830.109600
2.398937 183.383040 820.702800
2.415494 174.224640 802.818000
2.431822 224.271360 828.014400
2.448286 239.066880 854.042400
2.464813 239.921280 848.253600
2.481058 203.740800 907.135200
2.497447 197.195520 898.279200
2.513967 249.726720 932.536800
2.530016 270.193920 842.983200
2.546860 276.478080 851.709600
2.563237 261.131520 861.321600
2.579860 242.319360 931.694400
2.596058 236.238720 923.184000
2.612713 199.453440 905.688000
2.629039 258.647040 864.118800
2.645386 256.769280 856.310400
2.661882 365.320320 934.783200
2.678357 332.724480 897.112800
2.694647 318.059520 864.939600
2.710842 319.516800 885.448800
2.727508 337.639680 833.122800
2.743727 344.444160 848.880000
2.760401 280.723200 850.338000
2.776626 292.819200 914.835600
2.793576 302.376960 938.293200
2.809565 560.194560 944.373600
2.826027 995.251200 765.828000
2.842107 997.217280 757.576800
2.859009 1560.199680 834.764400
2.875188 1545.747840 958.640400
2.891348 1552.283520 943.336800
2.907914 1499.276160 888.537600
2.924277 1479.880320 929.167200
2.940668 1480.289280 934.999200
2.957225 1542.833280 921.477600
2.973623 1511.944320 946.058400
2.990071 1513.576320 936.208800
3.006596 1533.436800 843.642000
3.023126 1665.229440 935.280000
3.039695 1662.917760 939.783600
3.055983 1713.807360 982.000800
3.072182 1723.992960 991.040400
3.088925 1726.129920 983.923200
3.105549 1724.067840 1026.151200
3.121395 1736.530560 1006.203600
3.138519 1725.482880 1027.620000
3.154686 1690.467840 1048.150800
3.171336 1635.745920 997.077600
3.187337 1636.273920 996.040800
3.204119 1659.214080 1019.142000
3.220437 1685.057280 1080.000000
3.237003 1685.057280 1080.000000
3.253259 1609.858560 1052.956800
3.269743 1621.144320 1075.939200
3.286203 1627.827840 1067.644800
3.302382 1667.854080 1080.000000
3.319025 1688.017920 1058.216400
3.334994 1684.961280 1055.613600
3.351915 1667.767680 1061.899200
3.368070 1624.296960 1004.616000
3.384794 1619.652480 1022.986800
3.401079 1559.356800 813.456000
3.417607 1374.201600 192.391200
3.433632 1383.792000 137.948400
3.450070 811.931520 0.000000
3.466774 844.602240 0.000000
3.483325 843.607680 0.000000
3.499296 870.069120 0.000000
3.516209 885.252480 0.000000
3.532428 886.679040 0.000000
3.549149 904.045440 0.000000
3.565378 889.896960 0.000000
3.581977 889.896960 0.000000
3.598306 875.652480 0.000000
3.614816 899.088000 0.000000
3.631166 898.030080 0.000000
3.647662 888.817920 0.000000
3.664105 873.448320 0.000000
3.680357 873.534720 0.000000
3.696940 975.745920 0.000000
3.713271 981.221760 0.000000
3.729561 982.604160 0.000000
3.745978 985.887360 0.000000
3.762455 996.299520 0.000000
3.778862 996.309120 0.000000
3.795657 982.583040 0.000000
3.811722 962.624640 0.000000
3.828460 962.624640 0.000000
3.844601 975.239040 0.000000
3.860861 955.334400 0.000000
3.877447 954.977280 0.000000
3.893717 960.259200 0.000000
3.910475 984.871680 0.000000
3.927001 983.328000 0.000000
3.943564 946.391040 0.000000
3.959529 954.005760 0.000000
3.976011 955.831680 0.000000
3.992390 959.978880 0.000000
4.008818 958.704000 0.000000
4.025277 956.469120 0.000000
4.041454 991.309440 0.000000
4.057778 963.768960 0.000000
4.074397 964.275840 0.000000
4.090778 983.230080 0.000000
4.107161 969.742080 0.000000
4.123645 971.306880 0.000000
4.140095 936.779520 2.646000
4.156503 949.739520 0.000000
4.173116 948.768000 0.000000
4.189681 955.345920 0.000000
4.205785 908.117760 0.000000
4.222596 907.296000 0.000000
4.238742 925.278720 0.000000
4.254952 912.080640 0.000000
4.271614 910.936320 0.000000
4.287847 906.032640 0.000000
4.304259 939.025920 0.000000
4.320727 940.840320 0.000000
4.337147 966.512640 0.000000
4.353468 952.882560 0.000000
4.370071 952.450560 0.000000
4.386471 943.173120 0.000000
4.402860 947.784960 0.000000
4.419200 947.784960 0.000000
4.435770 933.302400 0.000000
4.452127 914.478720 0.000000
4.468609 913.096320 0.000000
4.485397 932.837760 0.000000
4.501879 963.240960 0.000000
