0.000000 62.351738 0.478590
0.016626 46.514030 2.095223
0.032886 22.746845 3.336806
0.049378 -1.974039 2.816273
0.065752 -14.995159 1.211855
0.082229 0.534314 -1.826708
0.098600 1.138093 -2.564293
0.115134 1.171614 -0.912762
0.131489 0.158621 1.503963
0.148020 -0.425699 2.554723
0.164438 -0.602213 2.097385
0.180852 0.332692 -0.127754
0.197688 0.224600 -2.757306
0.213669 0.663729 -3.976052
0.230585 0.993861 -4.147416
0.246743 0.501481 -0.874957
0.263019 -0.273316 1.983706
0.279850 -1.215946 2.819194
0.296102 -2.095328 2.830731
0.312813 -2.826873 1.977488
0.328805 -2.171017 0.364146
0.345647 -0.225363 -1.389904
0.361941 2.509488 -3.654271
0.378536 2.356608 -2.369941
0.394702 1.936766 0.187036
0.411421 2.377546 1.424344
0.427585 0.171456 2.516484
0.444171 -1.236670 4.647315
0.460495 -0.761683 5.243215
0.477103 1.959166 2.197276
0.493397 -0.466172 2.035147
0.509712 0.813677 -5.590744
0.526259 -10.480923 6.220395
0.542847 -23.459658 21.843791
0.558843 -33.819278 36.472610
0.575116 -38.687851 45.347551
0.591486 -33.968774 43.427833
0.608073 -24.283593 30.761754
0.624319 -12.310167 13.079067
0.640793 -2.891995 -1.133372
0.657191 3.499267 -9.785279
0.673627 0.015831 -1.373559
0.690093 1.289914 -1.498017
0.706702 2.178943 -0.108721
0.722950 0.275807 0.745373
0.739321 -0.668033 1.919345
0.755833 -0.421017 2.948212
0.772278 0.265927 3.345915
0.788593 -0.217584 4.150770
0.805106 0.020643 4.174259
0.821543 -0.995508 3.955659
0.837916 -3.238090 2.768830
0.854382 -2.132137 0.789877
0.870744 -2.934480 -2.708951
0.887310 -1.253897 -3.015790
0.903668 -0.282997 -1.895546
0.920055 1.146293 0.070226
0.936437 1.143987 1.720520
0.952901 -0.032738 1.630690
0.969295 -0.454870 1.507234
0.985772 1.232290 0.035031
1.002240 1.477680 -0.151730
1.018591 -0.294248 -1.568177
1.035020 1.187105 0.902928
1.051589 2.550851 3.591965
1.067847 3.334656 4.035050
1.084374 1.672329 3.315519
1.100839 -0.203387 1.763192
1.117245 -0.797584 0.486813
1.133696 -0.792659 -1.383172
1.150049 0.664394 -2.292676
1.166651 1.938099 -2.394747
1.182978 2.967228 -0.462078
1.199404 2.146935 1.322694
1.215926 0.317358 -1.069294
1.232284 -1.130102 -3.884428
1.249076 -5.588614 -3.988473
1.265224 -1.649091 -4.437167
1.281585 8.369934 -10.898994
1.298246 16.462298 -16.820805
1.315018 23.460314 -23.105620
1.331105 26.471179 -26.144028
1.347864 24.055436 -24.501886
1.364036 17.577156 -21.215806
1.380696 8.572299 -11.962216
1.396512 1.166713 -2.162148
1.413308 1.661268 0.264977
1.429397 0.565818 0.738344
1.446429 -3.858379 7.293225
1.462711 0.026882 1.693974
1.478707 5.022140 -6.022886
1.495613 10.785548 -13.209204
1.511886 10.673012 -18.636431
1.528577 13.020863 -16.381213
1.544609 8.542525 -20.823852
1.561328 14.273731 -3.983742
1.577266 23.463863 20.363152
1.594168 31.565383 37.350734
1.610424 38.383679 41.129589
1.627097 34.442343 41.455545
1.642991 23.272655 32.770273
1.659353 8.938743 18.081343
1.675798 -0.070029 4.361461
1.692218 -7.626255 -4.165583
1.708672 -2.326739 4.581086
1.725090 -2.039054 2.288401
1.741494 -1.277747 1.092696
1.757880 0.074622 2.878236
1.774377 1.164051 1.460612
1.790815 1.073215 -0.968443
1.807194 1.324571 -2.115047
1.823644 0.571725 -2.236871
1.840023 0.444478 -4.329272
1.856534 -0.773585 -1.385058
1.873075 -1.169491 4.110763
1.889391 -1.444040 8.697367
1.905863 -0.340414 10.886452
1.922222 0.026375 8.483627
1.938935 1.326799 6.590417
1.955344 1.201780 2.486677
1.971601 -1.926492 -3.460310
1.987941 -6.102861 -7.334007
2.004432 -6.479916 -6.228726
2.021224 -4.862601 -7.909447
2.037355 -3.142378 -8.757202
2.053677 -1.327841 -6.816111
2.070146 -0.211320 -3.699315
2.086522 1.198063 -1.820919
2.102960 0.058102 -0.080932
2.119354 -0.688687 2.516125
2.135844 0.010536 5.295485
2.152217 1.115669 3.897563
2.168854 -0.367480 0.147224
2.185053 -0.035596 -3.514599
2.201668 0.409611 -5.742538
2.217984 0.803751 -5.665295
2.234457 -0.517815 -1.401280
2.250796 -0.038643 1.822594
2.267221 -0.274739 4.424966
2.283626 -2.866571 6.120482
2.300104 -2.981946 4.315497
2.316421 2.307952 2.382801
2.332886 8.332823 0.537830
2.349346 11.651102 -0.537626
2.365776 12.841467 -0.771057
2.382228 11.574637 -1.320122
2.398622 7.893139 -2.775909
2.415124 0.732242 0.608489
2.431620 -3.439919 2.193180
2.447910 -1.958781 3.106508
2.464299 -0.066280 1.972741
2.480799 -0.378826 -0.930181
2.497242 -0.220314 -2.904331
2.513683 0.365717 -1.866793
2.530168 -0.429869 2.376510
2.546578 0.184466 3.343053
2.562875 1.154994 3.126726
2.579511 1.612250 0.892379
2.595850 1.101447 -1.967312
2.612228 0.487703 -4.922154
2.628921 0.686313 -6.120230
2.645603 1.006260 -1.059057
2.661888 0.265090 3.700865
2.678597 0.164649 4.693203
2.694779 1.190146 2.346174
2.710711 1.542911 0.571497
2.727275 2.278678 -1.875113
2.743600 4.480694 -2.275106
2.760107 2.986169 -2.452012
2.776523 -1.251298 -1.787492
2.793338 -5.680980 0.659220
2.809992 -8.068690 -0.040900
2.826248 -8.050355 -1.261477
2.842733 -4.877979 -1.864397
2.859083 -0.113358 -2.203006
2.875132 4.058288 0.392356
2.891536 4.344183 2.309990
2.907866 -0.061853 2.596330
2.924797 -3.054817 2.740539
2.940981 -4.475021 3.680351
2.957716 -4.949936 3.938203
2.974069 -3.641308 3.269221
2.990575 -1.056840 2.222138
3.006766 0.858398 0.416039
3.023489 1.782023 -1.889324
3.039460 -0.835996 -2.968211
3.056361 -1.243504 -2.898364
3.072630 -0.202716 -3.137614
3.088873 1.388353 -1.763295
3.105201 1.651047 -1.131924
3.122083 0.840496 0.073504
3.138408 0.296791 0.353031
3.154951 -0.863018 0.983457
3.171258 -2.295963 2.289717
3.187635 -3.033189 3.441371
3.204169 -0.970136 1.020795
3.220426 -0.163601 -2.047183
3.237110 0.579788 -2.659271
3.253241 0.780104 -2.590727
3.269928 1.068492 -1.935482
3.286219 1.747263 -2.244492
3.302590 2.220061 -1.177056
3.318702 3.857652 -0.024932
3.335544 3.733725 0.665181
3.352089 2.164400 -0.393703
3.368054 -0.403724 -1.380722
3.384365 -1.487840 0.116816
3.400776 -2.577621 1.781339
3.417262 -1.777540 3.623272
3.433639 -0.502171 2.834533
3.450275 0.587024 3.427951
3.466532 -0.415884 4.180121
3.483125 -2.762025 4.887694
3.499364 -2.547036 1.960195
3.515967 -0.227533 -3.121279
3.532578 2.336701 -3.556778
3.549049 2.784479 -2.923296
3.565384 2.338624 -0.794713
3.582048 -0.440277 0.599252
3.598329 -2.873602 2.287265
3.614662 -4.140431 0.840742
3.631160 -2.953807 -3.918921
3.647752 -0.647573 -7.676659
3.664083 -0.384831 -5.469109
3.680628 0.571092 -0.072633
3.696901 1.308731 3.990395
3.713579 1.955297 6.506825
3.729532 0.949877 6.227079
3.746194 -0.225907 4.284165
3.762746 -1.624358 2.330182
3.778548 -2.855679 1.043336
3.795592 -2.611155 0.221550
3.812033 -0.880245 -1.784147
3.828175 2.963896 -5.413337
3.844702 3.622913 -5.687891
3.861365 2.586836 -4.408985
3.877627 1.492064 -1.004878
3.894144 -0.591414 1.179908
3.910431 -2.410364 2.094619
3.927101 -3.625665 3.223907
3.943312 -3.388353 2.145955
3.959880 -3.530650 0.340364
3.975871 -2.187821 -2.236658
3.992294 0.245263 -2.659815
4.008704 4.039546 -3.482887
4.025049 6.872982 -3.545116
4.041500 6.335260 -3.214798
4.057903 5.817090 -1.124040
4.074353 1.111244 2.903149
4.091139 -2.692807 3.603667
4.107173 -4.963621 2.591487
4.123783 -3.543942 0.343880
4.140685 -0.804595 -0.138828
4.156867 1.440627 0.799048
4.173243 3.272905 2.177729
4.189667 3.302550 3.241697
4.206246 0.652488 4.564422
4.222545 -2.024889 3.843762
4.239171 -2.022599 0.285688
4.255441 -1.426517 -3.617680
4.272144 -0.879828 -3.892920
4.288227 -0.766148 -2.378379
4.304958 -1.254903 -1.451984
4.321222 -0.901305 -0.217076
4.337598 -0.652632 -0.525123
4.354164 1.039322 -2.873339
4.370435 3.392188 -5.347411
4.386532 2.930758 -5.223446
4.403043 1.811025 -2.993038
4.419839 -0.806973 0.596631
4.435808 -2.126508 2.139008
4.452169 -2.802318 2.733548
4.468880 -0.837285 2.370796
4.485207 0.241288 -0.372294
4.501545 0.236110 -0.985230
4.518365 -0.036047 -1.078093
4.534451 -0.851686 0.438524
4.550734 -1.382313 3.389057
4.567294 -1.731497 3.676138
4.583643 -0.983748 1.944016
4.600082 0.064223 -1.206930
4.616544 1.077151 -1.805786
4.632914 0.531807 -2.647709
4.649456 0.426136 -4.270931
4.665946 1.053250 -3.744450
4.682602 1.435831 0.817512
4.698924 2.122097 5.764596
4.715292 1.205750 4.712538
4.732042 1.100878 3.484778
4.748264 1.517863 2.478306
4.764828 25.339917 12.668779
4.781063 0.736557 -2.670175
4.797205 -42.911732 -25.625476
4.813602 -83.750971 -43.709863
4.830110 -107.833598 -53.370625
