0.000000 62.889361 0.000000
0.016704 49.235757 0.000000
0.032962 25.414531 0.000000
0.049336 -0.233028 0.000000
0.065784 -14.038704 0.000000
0.082337 -0.254789 0.000000
0.098567 -0.680841 0.000000
0.115057 -1.360296 0.000000
0.131556 -0.543154 0.000000
0.148009 -0.246419 0.000000
0.164369 -0.716883 0.000000
0.180909 -0.514493 0.000000
0.197239 -0.045110 0.000000
0.213665 0.545431 0.000000
0.230285 0.180582 0.000000
0.247050 0.283840 0.000000
0.263317 -0.308137 0.000000
0.279925 -0.511165 0.000000
0.296199 -0.665180 0.000000
0.312714 -1.065038 0.000000
0.328732 -1.032023 0.000000
0.345144 -3.011962 -1.869731
0.361897 -1.687601 -0.113128
0.378047 3.448682 3.797618
0.394887 3.424492 -3.399216
0.411135 12.222022 7.095736
0.427703 24.649952 24.272082
0.443981 33.578665 39.243816
0.460573 35.858710 45.650363
0.476489 30.708032 43.339520
0.493408 20.235588 33.407389
0.509807 10.383552 20.261456
0.525794 0.510512 2.642679
0.542281 -5.518295 -10.102499
0.558691 1.033435 -1.534442
0.575209 3.070914 -0.412445
0.592016 3.758945 1.561034
0.608326 2.771047 5.038090
0.624949 0.819749 6.910561
0.641222 -0.315248 5.048438
0.657710 -0.812274 1.190039
0.673535 -0.346174 -3.391803
0.689974 0.460793 -6.536935
0.706435 1.446921 -5.652737
0.723010 1.496000 -2.843803
0.739762 0.648440 0.665013
0.756073 20.634626 2.828449
0.772719 0.039594 0.929449
0.788918 -37.304686 0.208744
0.805696 -72.143247 0.891495
1.101166 -91.894256 2.292987
1.117610 -90.883457 3.776835
1.134188 -69.018269 5.210924
1.150148 -34.658359 6.077369
1.166925 1.975182 5.503324
1.182869 22.079327 2.810444
1.199499 0.709200 0.665522
1.215797 -0.315241 0.087094
1.232188 -1.149242 0.173109
1.248758 -1.257774 -0.980233
1.265115 -0.463505 -1.199104
1.281574 -4.991816 3.863499
1.297931 -2.696224 4.827933
1.314327 10.159044 -6.025789
1.330789 23.008489 -18.813343
1.347272 32.731553 -30.696505
1.363647 34.906118 -37.001821
1.380298 29.644855 -34.899123
1.396792 19.021133 -26.725596
1.413347 6.184954 -12.254857
1.429859 -2.594363 -0.686922
1.446320 -0.600481 1.263942
1.462698 0.978357 1.026364
1.478952 -3.058214 8.844358
1.495609 0.404274 3.548281
1.511785 3.993121 -5.538899
1.528445 7.060782 -15.545006
1.544582 9.742291 -22.652057
1.561281 10.836781 -23.433649
1.577547 9.988996 -18.856965
1.594189 5.346408 -9.321369
1.610377 0.296661 0.289131
1.626953 -3.324507 5.225107
1.643073 -1.138567 0.000000
1.659815 -2.663890 0.000000
1.676199 -2.373229 0.000000
1.692698 -0.257993 0.000000
1.709058 1.330497 0.000000
1.725265 1.277440 0.000000
1.741516 0.334583 0.000000
1.758415 0.173909 0.000000
1.774845 0.638746 0.000000
1.790755 0.554150 0.000000
1.807705 0.623751 0.000000
1.823916 0.681159 0.000000
1.840295 0.889885 0.000000
1.856857 0.276028 0.000000
1.873412 0.677623 0.000000
1.889649 0.411952 0.000000
1.906307 -1.028359 0.000000
1.922694 -6.504827 0.000000
1.939082 -2.929702 -1.634511
1.955061 3.889607 -0.166110
1.971495 3.144330 -6.320247
1.987933 13.288351 4.475737
2.004371 25.366648 23.945634
2.020748 33.682863 42.747320
2.037200 34.021793 50.192863
2.053680 28.872322 46.258542
2.070055 21.264821 29.784761
2.086595 14.817166 12.930245
2.103258 1.151030 -1.091192
2.119264 -7.296485 -8.328184
2.136067 -0.132007 1.748618
2.152117 -0.600413 3.823377
2.168667 -2.107188 2.401401
2.185119 -3.324905 -0.883622
2.201484 -1.763023 0.210631
2.217894 0.393124 3.742147
2.234347 1.089270 8.814128
2.251014 1.442995 9.387705
2.267120 1.020328 9.413347
2.283901 1.309356 8.652565
2.300380 -2.008267 3.778906
2.316512 3.650661 7.850959
2.333144 -2.959268 -7.686199
2.349506 -15.171084 -29.026395
2.365737 -27.511445 -46.929095
2.382271 -36.058651 -56.760894
2.398745 -36.959419 -52.773874
2.415075 -28.960947 -38.174443
2.431655 -16.182969 -19.034471
2.447938 -3.130519 -2.632241
2.464389 5.234644 7.406792
2.480919 -0.863162 -2.959404
2.497496 -0.494876 -1.544607
2.513663 0.881822 0.581978
2.530461 -0.417741 0.874357
2.546974 -1.652486 1.320016
2.563415 -3.636494 0.767235
2.579811 -4.437088 -0.867647
2.595742 -3.085243 -1.712513
2.612194 -1.110231 -1.913098
2.629143 1.112759 -1.108135
2.645016 2.036893 -0.044055
2.661569 1.163703 0.511932
2.677964 -0.160667 0.000000
2.694714 -0.078029 0.000000
2.711320 0.647812 0.000000
2.727580 1.604845 0.000000
2.743847 1.507854 0.000000
2.760357 1.014868 0.000000
2.776972 0.268927 0.000000
2.792999 -0.915546 0.000000
2.809830 -1.442053 0.000000
2.826144 -0.541742 0.000000
2.842821 -0.491788 0.000000
2.859151 -0.778002 0.000000
2.875529 -0.221757 0.000000
2.891874 0.838541 0.000000
2.908066 2.090739 0.000000
2.924886 1.559775 0.000000
2.941166 0.530731 0.000000
2.957715 0.191363 0.000000
2.973623 -1.114743 0.000000
2.990528 -1.980937 0.000000
3.006715 -2.390950 0.000000
3.023481 -0.656596 0.000000
3.039617 0.263244 0.000000
3.056317 0.680890 0.000000
3.072592 0.998851 0.000000
3.088904 1.653950 0.000000
3.105605 1.425743 0.000000
3.121592 -0.811260 -0.110746
3.138421 -1.022005 -0.447206
3.154676 -0.733006 0.292166
3.171113 0.488601 0.728330
3.187566 0.656609 1.932569
3.204247 1.111469 3.620391
3.220112 1.280989 3.178246
3.236753 0.016801 1.427175
3.253518 -1.074963 -0.811781
3.269598 -2.313751 -2.717564
3.286318 -1.504222 -3.469129
3.302637 -1.050735 -2.739732
3.319070 0.060392 -1.780841
3.335421 0.965209 0.128605
3.351912 1.720967 0.769518
3.368045 1.441825 0.000000
3.384849 1.007508 -0.058150
3.401097 0.159550 0.056987
3.417329 0.732541 0.103119
3.433709 0.749756 0.097497
3.450098 0.050882 0.057374
3.466651 -0.254925 -0.379746
3.483012 -1.027822 -0.197155
3.499488 -1.828679 1.077612
3.515814 -1.312677 1.360283
3.532067 -0.833791 1.255545
3.548723 -1.143871 0.361009
3.565004 0.159268 -0.178170
3.581544 -0.197387 -0.303163
3.598013 0.126885 -0.331405
3.614418 0.102491 -0.323634
3.630880 0.727576 0.232189
3.647326 2.104228 0.153171
3.663931 2.757671 -0.934839
3.680564 1.229803 -1.126590
3.697044 0.247331 -1.048623
3.713218 -0.008129 -0.154594
3.729885 -2.035400 0.152953
3.745743 -4.138088 0.128330
3.762668 -3.885895 -0.008946
3.779076 -1.340704 -0.726509
3.795128 1.478794 0.256431
3.811920 2.388708 1.694278
3.828141 2.041771 2.185958
3.844849 0.473242 1.698769
3.860901 -0.874036 0.624083
3.877590 -2.060453 -0.646725
3.894003 -2.130842 -1.730301
3.910575 0.227780 -2.382423
3.926828 1.763450 -1.697150
3.943369 2.295830 -0.282336
3.959755 1.798666 1.840918
3.975956 0.153378 2.092764
3.992282 -2.086817 1.428021
4.009118 -2.485236 0.609368
4.025349 -2.477944 -0.457845
4.041572 -1.410939 -0.174777
4.058303 0.303009 -0.349021
4.074376 1.294735 -0.362119
4.090676 2.073458 -0.485176
4.107179 1.859189 0.469423
4.123700 -0.191826 -1.008642
4.140141 -1.456149 -1.361165
4.156390 -1.763589 -0.912799
4.172920 -1.278413 -0.037021
4.189817 -0.623049 0.665515
4.206100 1.009563 0.092039
4.222708 2.572536 -0.074222
4.238928 3.603302 -0.053472
4.255584 3.529963 0.069732
4.271678 1.666818 -0.255928
4.288267 -0.061033 -0.313894
4.304619 -2.690157 -0.393243
4.320970 -3.203717 -0.364892
4.337648 -2.757810 0.587779
4.354198 -1.097380 1.462240
4.369978 0.417816 1.350393
4.387009 2.026572 0.848595
4.403203 2.428915 -0.060266
4.419486 1.424549 -0.899952
4.436314 0.425452 -1.448475
4.452432 -1.400587 -1.432794
4.469060 -1.462334 -0.579866
4.485276 -1.984499 0.354139
4.502043 -1.505195 0.169513
4.518227 -0.693989 0.000000
4.534866 -1.098665 0.000000
4.551190 0.452989 -0.416610
4.567237 1.746738 -0.448387
4.583870 2.319984 1.171581
4.600352 2.199333 2.353286
4.616633 2.170649 2.826400
4.633020 1.652465 1.993565
4.649246 1.261457 0.431197
4.666174 0.439118 -1.284281
4.682129 0.557807 -2.576443
4.698514 1.343240 -2.868869
4.715016 0.360206 -1.585141
4.731590 0.873143 -0.008297
4.747948 0.243335 0.149014
4.764427 -1.155105 0.262984
4.781020 -3.008248 0.000000
4.797477 11.217233 0.000000
4.813720 -2.019920 0.000000
4.830509 -26.038894 0.000000
4.847024 -48.617310 0.000000
4.863394 -61.009972 0.000000
