0.000000 959.978880 32.583600
0.016249 958.584960 14.223600
0.032833 958.790400 0.000000
0.049261 933.454080 3.110400
0.065859 937.470720 0.000000
0.082011 937.568640 0.000000
0.098773 922.773120 0.000000
0.114992 955.021440 0.000000
0.131076 955.777920 0.000000
0.147681 966.566400 0.000000
0.163838 948.756480 0.000000
0.180247 948.952320 0.000000
0.196714 962.603520 0.000000
0.213084 953.326080 0.000000
0.229721 952.602240 0.000000
0.245992 947.569920 0.000000
0.262533 975.486720 0.000000
0.278849 975.454080 0.000000
0.295730 973.877760 0.000000
0.311820 969.125760 0.000000
0.328576 969.751680 0.000000
0.345132 997.681920 0.000000
0.360992 972.766080 0.000000
0.377447 972.506880 0.000000
0.393884 934.371840 0.000000
0.410251 909.250560 0.000000
0.426729 908.958720 0.000000
0.443136 952.385280 0.000000
0.459575 949.534080 0.000000
0.476169 949.912320 0.000000
0.492781 964.990080 0.000000
0.509208 1103.132160 85.395600
0.525810 1105.789440 46.072800
0.542004 1599.565440 778.636800
0.558730 1628.897280 887.857200
0.574717 1628.897280 887.857200
0.591397 1649.569920 916.218000
0.607717 1627.731840 928.778400
0.624303 1627.731840 928.778400
0.640721 1643.543040 922.795200
0.657230 1629.632640 917.967600
0.673458 1629.632640 917.967600
0.689806 1658.663040 883.850400
0.706445 1594.024320 865.058400
0.722992 1585.288320 881.841600
0.738936 1624.803840 1019.487600
0.755407 1653.467520 1020.405600
0.772060 1655.671680 1014.973200
0.788239 1661.794560 998.406000
0.804618 1436.636160 989.787600
0.821184 1444.325760 974.052000
0.837891 768.689280 787.320000
0.853946 542.190720 891.550800
0.870239 544.254720 896.259600
0.886809 242.167680 880.545600
0.903179 241.616640 891.140400
0.919522 260.785920 923.497200
0.936104 294.460800 935.247600
0.952525 265.117440 967.334400
0.969124 265.117440 967.334400
0.985435 210.879360 882.154800
1.002076 221.873280 894.121200
1.018284 219.033600 888.300000
1.034963 212.910720 933.865200
1.051226 282.862080 815.929200
1.067404 271.489920 793.767600
1.083779 238.807680 805.669200
1.100913 225.815040 883.558800
1.117007 228.311040 889.099200
1.133334 227.760000 784.749600
1.150161 197.886720 807.872400
1.166329 210.804480 830.109600
1.182992 217.436160 853.092000
1.199227 248.993280 864.108000
1.215859 243.010560 853.578000
1.232155 203.546880 800.776800
1.248689 210.360960 838.533600
1.264955 204.247680 828.122400
1.281098 201.169920 855.867600
1.297736 357.532800 643.690800
1.314371 360.168960 648.950400
1.330607 915.623040 0.000000
1.346724 950.311680 0.000000
1.363632 950.150400 0.000000
1.380143 948.034560 0.000000
1.396002 989.829120 0.000000
1.412670 990.541440 0.000000
1.429403 1008.610560 0.000000
1.445574 1011.753600 0.000000
1.462231 1012.379520 0.000000
1.478523 999.571200 0.000000
1.494580 1002.163200 0.000000
1.511290 1000.899840 0.000000
1.527493 1228.239360 181.753200
1.544234 1328.430720 403.336800
1.560850 1325.245440 418.143600
1.576780 1677.757440 992.779200
1.593619 1631.587200 906.940800
1.609991 1635.972480 893.840400
1.626542 1668.351360 1001.354400
1.642817 1583.256960 1004.367600
1.659340 1569.745920 1031.097600
1.675909 1622.375040 1057.147200
1.692099 1612.471680 993.232800
1.708206 1615.895040 989.139600
1.724562 1632.862080 974.527200
1.741256 1639.580160 1012.089600
1.757581 1642.041600 1005.804000
1.774473 1617.709440 962.161200
1.790629 1630.279680 955.454400
1.807258 1633.649280 951.210000
1.823482 1651.989120 972.626400
1.840128 1643.844480 955.033200
1.856409 1652.161920 937.710000
1.872662 1574.325120 813.780000
1.889247 1321.390080 400.042800
1.905228 1320.535680 409.255200
1.922151 934.318080 0.000000
1.938587 908.246400 0.000000
1.954571 907.716480 0.000000
1.971073 923.139840 0.000000
1.987775 926.455680 0.000000
2.003954 926.423040 0.000000
2.020342 902.004480 0.000000
2.036673 901.432320 0.000000
2.053113 901.873920 0.000000
2.069538 965.109120 0.000000
2.085981 940.679040 0.000000
2.102514 940.571520 20.120400
2.118844 916.442880 0.000000
2.135238 953.400960 0.000000
2.151766 954.167040 0.000000
2.168080 906.443520 0.000000
2.184577 910.114560 0.000000
2.201061 909.995520 0.000000
2.217391 941.909760 0.000000
2.233836 898.548480 0.000000
2.250407 898.202880 0.000000
2.266797 920.795520 0.000000
2.283190 915.601920 0.000000
2.299719 916.010880 0.000000
2.316033 917.134080 0.000000
2.332434 915.655680 0.000000
2.348870 915.158400 0.000000
2.365280 724.861440 48.848400
2.381727 603.632640 278.920800
2.398228 606.245760 295.758000
2.414574 326.127360 693.511200
2.431031 336.677760 706.546800
2.447465 339.540480 711.784800
2.463824 319.948800 717.498000
2.480298 306.416640 756.442800
2.496761 295.562880 733.060800
2.513171 312.864000 710.380800
2.529600 273.778560 702.734400
2.546028 276.099840 709.106400
2.562486 273.768960 731.959200
2.578872 266.121600 806.263200
2.595389 285.031680 843.296400
2.611608 293.153280 869.756400
2.628130 294.213120 877.478400
2.644556 297.333120 882.316800
2.660961 298.477440 864.032400
2.677551 309.192960 836.276400
2.693831 306.178560 831.664800
2.710240 277.580160 872.121600
2.726655 297.377280 881.452800
2.743114 307.885440 901.206000
2.759523 277.916160 892.360800
2.775963 325.230720 909.489600
2.792390 320.273280 900.050400
2.808897 815.214720 258.152400
2.825282 900.243840 184.507200
2.841617 899.919360 165.574800
2.858012 871.353600 109.933200
2.874534 886.634880 91.519200
2.890868 886.398720 80.870400
2.907355 871.979520 147.916800
2.923922 887.391360 100.213200
2.940345 887.629440 110.678400
2.956647 891.095040 126.770400
2.973053 882.067200 103.734000
2.989549 881.710080 61.840800
3.005968 969.903360 0.000000
3.022537 961.209600 0.000000
3.038940 961.706880 0.000000
3.055252 1007.650560 0.000000
3.071714 989.516160 0.000000
3.088112 989.051520 0.000000
3.104643 936.391680 0.000000
3.120962 925.979520 0.000000
3.137412 925.580160 0.000000
3.153767 1006.126080 0.000000
3.170384 987.454080 0.000000
3.186700 987.680640 0.000000
3.203088 945.937920 0.000000
3.219510 947.018880 0.000000
3.236035 947.018880 0.000000
3.252379 930.948480 0.000000
3.269017 930.311040 0.000000
3.285427 930.311040 0.000000
3.301708 938.248320 0.000000
3.318391 932.459520 0.000000
3.334552 931.962240 0.000000
3.350969 968.035200 0.000000
3.367859 960.583680 0.000000
3.383880 960.875520 0.000000
3.400705 964.254720 0.000000
3.417268 970.886400 0.000000
3.433136 970.951680 0.000000
3.449560 964.287360 0.000000
3.466056 963.035520 0.000000
3.482744 963.035520 0.000000
3.499385 955.420800 0.000000
3.515280 965.184000 0.000000
3.532221 964.849920 0.000000
3.548169 927.707520 0.000000
3.564697 929.554560 0.000000
3.581285 929.500800 0.000000
3.597342 946.122240 0.000000
3.614241 949.762560 0.000000
3.630577 950.570880 0.000000
3.646815 971.880960 0.000000
3.663090 960.506880 0.000000
3.679547 960.247680 0.000000
3.696048 989.614080 0.000000
3.712640 943.390080 0.000000
3.729272 943.119360 0.000000
3.745480 915.352320 0.000000
3.762045 933.776640 0.000000
3.778522 933.776640 0.000000
3.794975 997.422720 0.000000
3.811304 936.823680 0.000000
3.827823 936.823680 0.000000
3.844300 966.652800 0.000000
3.860699 943.875840 18.954000
3.877286 943.875840 18.954000
3.893512 938.355840 0.000000
3.910210 947.450880 0.000000
3.926460 947.450880 0.000000
3.942934 941.013120 0.000000
3.959217 970.519680 0.000000
3.975573 970.853760 0.000000
3.992263 954.977280 0.000000
4.008470 931.034880 0.000000
4.024552 931.077120 0.000000
4.041147 931.898880 0.000000
4.057503 999.463680 0.000000
4.073896 999.463680 0.000000
4.090322 970.335360 0.000000
4.106968 992.065920 0.000000
4.123526 991.580160 0.000000
4.139879 956.856960 0.000000
4.156009 973.812480 0.000000
4.172729 973.466880 0.000000
4.189439 964.039680 0.000000
4.205212 951.845760 0.000000
4.221769 951.845760 0.000000
4.238580 954.600960 0.000000
4.254497 971.902080 0.000000
4.271098 971.902080 0.000000
4.287693 950.496000 0.000000
4.303870 966.900480 11.880000
4.320429 967.537920 0.000000
4.336817 972.721920 0.000000
4.353052 948.130560 0.000000
4.369584 948.130560 0.000000
4.386078 947.806080 0.000000
4.402519 955.259520 0.000000
4.418813 955.292160 0.000000
4.435680 967.992960 0.000000
4.451669 974.893440 0.000000
4.468462 974.720640 0.000000
4.484684 967.138560 0.000000
4.501609 972.528000 0.000000
4.517841 972.495360 0.000000
4.534002 956.901120 0.000000
4.550738 947.773440 0.000000
4.567167 947.773440 0.000000
4.583538 971.783040 0.000000
4.600051 938.906880 0.000000
4.616533 939.198720 0.000000
4.632726 962.192640 0.000000
4.649353 954.103680 0.000000
4.665640 953.660160 0.000000
4.682240 1011.548160 0.000000
4.698475 1001.677440 0.000000
4.714972 1001.159040 0.000000
4.731426 959.708160 29.818800
4.747917 966.652800 1.047600
4.763956 966.620160 0.000000
4.780836 974.472960 0.000000
4.796913 1000.715520 0.000000
4.813159 1001.180160 0.000000
4.830020 998.945280 0.000000
4.846498 988.210560 0.000000
