0.000000 1595.472000 906.087600
0.016391 1689.951360 815.918400
0.032740 1593.744000 786.693600
0.049243 1612.341120 734.076000
0.065565 1706.279040 693.381600
0.082027 1673.696640 625.665600
0.098497 1664.916480 650.052000
0.114870 1673.306880 859.204800
0.131269 1668.652800 795.258000
0.147734 1663.706880 809.244000
0.164101 1613.917440 767.793600
0.180565 1651.825920 671.522400
0.197034 1651.632000 672.062400
0.213357 1004.507520 368.917200
0.229863 884.054400 172.292400
0.246305 882.024960 140.367600
0.262683 842.972160 42.919200
0.279249 834.299520 100.029600
0.295622 831.674880 68.439600
0.312056 858.641280 136.728000
0.328447 860.974080 40.014000
0.344903 860.974080 40.014000
0.361269 857.151360 0.000000
0.377831 904.433280 0.000000
0.394217 904.433280 0.000000
0.410581 907.555200 0.000000
0.426982 926.098560 0.000000
0.443522 927.406080 0.000000
0.459893 891.905280 0.000000
0.476291 851.028480 0.000000
0.492837 853.468800 0.000000
0.509167 892.780800 44.107200
0.525532 921.703680 0.000000
0.542022 921.703680 0.000000
0.558523 911.064960 0.000000
0.574868 915.482880 0.000000
0.591263 915.805440 0.000000
0.607754 869.539200 0.000000
0.903489 1182.652800 8.359200
0.919937 1705.653120 441.298800
0.936271 1705.653120 441.298800
0.952709 1821.482880 916.747200
0.969137 1803.943680 959.169600
0.985633 1798.750080 968.230800
1.002013 1765.680000 870.361200
1.018518 1728.170880 894.585600
1.034871 1717.987200 916.369200
1.051258 1741.413120 1009.076400
1.067742 1776.069120 923.086800
1.084145 1771.576320 931.435200
1.100570 1726.368000 880.070400
1.117018 1677.108480 1039.446000
1.133424 1669.127040 1056.002400
1.149867 1725.039360 1002.056400
1.166269 1654.375680 940.161600
1.182711 1654.375680 940.161600
1.199212 1700.263680 962.010000
1.215528 1621.263360 1080.000000
1.232007 1637.397120 1080.000000
1.248440 1702.078080 1080.000000
1.264894 1756.715520 944.308800
1.281425 1785.552000 887.338800
1.297692 1809.300480 772.362000
1.314144 1837.294080 747.468000
1.330617 1828.254720 766.929600
1.347053 1754.555520 809.125200
1.363395 1662.130560 731.505600
1.379855 1649.352960 764.564400
1.396295 1693.038720 1007.229600
1.412750 1746.153600 920.106000
1.429188 1759.038720 894.736800
1.445660 1817.639040 826.880400
1.462066 1802.778240 856.666800
1.478420 1808.436480 846.374400
1.494875 1855.115520 823.068000
1.511241 1885.516800 689.472000
1.527794 1861.854720 737.024400
1.544172 1719.553920 1014.076800
1.560767 1736.638080 775.213200
1.577019 1726.076160 799.588800
1.593393 1728.625920 788.205600
1.609778 1708.926720 945.712800
1.626337 1708.926720 945.712800
1.642715 1691.786880 912.816000
1.659166 1735.386240 984.171600
1.675623 1750.688640 953.121600
1.691997 1746.487680 798.768000
1.708374 1749.511680 764.337600
1.724916 1755.096960 751.410000
1.741226 1766.154240 913.820400
1.757719 1626.533760 1080.000000
1.774200 1609.102080 1080.000000
1.790689 1652.194560 1036.476000
1.806978 1634.999040 1080.000000
1.823492 1634.999040 1080.000000
1.839817 1670.359680 1080.000000
1.856267 1701.928320 987.055200
1.872718 1698.299520 995.166000
1.889270 1719.336960 1080.000000
1.905530 1696.646400 1080.000000
1.922169 1692.499200 1080.000000
1.938449 1693.979520 1080.000000
1.954830 1710.178560 855.522000
1.971280 1729.004160 812.916000
1.987637 1692.218880 968.803200
2.004288 1755.528960 836.719200
2.020525 1751.942400 844.203600
2.037184 1696.041600 762.987600
2.053402 1675.198080 858.870000
2.069864 1674.981120 859.377600
2.086235 1726.561920 871.560000
2.102721 1784.256000 894.726000
2.119109 1788.209280 885.978000
2.135540 1754.695680 918.140400
2.151981 1733.324160 853.275600
2.168399 1723.040640 875.653200
2.184998 1716.065280 885.168000
2.201313 1676.267520 1070.949600
2.217667 1676.267520 1070.949600
2.234192 1698.362880 842.583600
2.250584 1716.205440 903.754800
2.266995 1730.839680 871.344000
2.283464 1743.183360 886.096800
2.299893 1718.202240 820.281600
2.316223 1737.254400 776.487600
2.332818 1783.153920 748.839600
2.349301 1805.208960 726.148800
2.365592 1805.208960 726.148800
2.381995 1750.354560 665.506800
2.398521 1784.353920 770.698800
2.414839 1784.353920 770.698800
2.431281 1729.111680 664.545600
2.447748 1801.125120 705.963600
2.464110 1785.617280 739.432800
2.480595 1724.305920 787.438800
2.497032 1757.159040 824.450400
2.513547 1751.132160 837.216000
2.529872 1709.314560 888.537600
2.546240 1747.524480 830.800800
2.562691 1752.827520 819.309600
2.579167 1755.496320 822.236400
2.595542 1779.406080 811.544400
2.612105 1748.897280 876.106800
2.628453 1726.584960 826.318800
2.644843 1757.915520 932.072400
2.661322 1774.406400 897.868800
2.677675 1747.038720 956.880000
2.694151 1740.061440 918.550800
2.710625 1768.099200 860.403600
2.726965 1812.455040 751.442400
2.743447 1823.439360 675.378000
2.759998 1823.439360 675.378000
2.776249 1785.584640 862.509600
2.792814 1808.004480 758.970000
2.809146 1808.004480 758.970000
2.825590 1824.345600 757.447200
2.842008 1697.293440 866.592000
2.858374 1684.247040 896.151600
2.874871 1745.796480 994.140000
2.891266 1761.976320 992.800800
2.907620 1751.445120 1012.834800
2.924084 1747.514880 1044.208800
2.940566 1735.451520 858.384000
2.957143 1750.008960 827.366400
2.973387 1699.367040 941.414400
2.989860 1699.584000 982.994400
3.006295 1708.677120 963.986400
3.022638 1722.577920 824.493600
3.039133 1734.370560 792.018000
3.055693 1720.968960 822.387600
3.071976 1678.663680 826.016400
3.088465 1691.733120 926.056800
3.104936 1661.255040 993.621600
3.121194 1686.234240 1080.000000
3.137692 1611.876480 1080.000000
3.154246 1622.536320 1080.000000
3.170550 1646.317440 1010.998800
3.186916 1670.056320 1065.582000
3.203457 1703.168640 997.639200
3.219781 1792.583040 728.827200
3.236263 1781.306880 930.916800
3.252722 1781.306880 930.916800
3.269184 1750.807680 905.968800
3.285545 1762.763520 817.668000
3.301974 1762.763520 817.668000
3.318461 1780.606080 919.544400
3.334859 1769.362560 824.720400
3.351315 1744.014720 877.219200
3.367815 1728.927360 921.369600
3.384118 1683.805440 917.438400
3.400517 1647.150720 999.561600
3.416966 1611.586560 1055.419200
3.433461 1653.619200 988.945200
3.449876 1670.369280 951.426000
3.466293 1599.014400 918.691200
3.482691 1637.852160 1035.158400
3.499164 1670.607360 962.247600
3.515531 1714.444800 786.920400
3.532019 1691.191680 795.744000
3.548470 1700.242560 773.712000
3.564872 1700.609280 774.360000
3.581247 1701.646080 663.055200
3.597795 1701.646080 663.055200
3.614123 1680.036480 729.691200
3.630532 1767.548160 737.337600
3.646947 1763.671680 747.068400
3.663531 1771.653120 789.318000
3.679812 1739.879040 711.676800
3.696272 1720.352640 758.743200
3.712836 1704.670080 909.154800
3.729145 1671.578880 880.826400
3.745590 1661.988480 903.560400
3.762021 1654.072320 904.370400
3.778424 1703.180160 955.789200
3.794965 1703.180160 955.789200
3.811283 1662.572160 1044.208800
3.827741 1672.260480 1080.000000
3.844175 1682.065920 1080.000000
3.860551 1681.633920 1080.000000
3.877086 1730.515200 1048.669200
3.893473 1718.440320 1071.446400
3.909951 1677.486720 1080.000000
3.926306 1558.600320 1055.980800
3.942712 1559.118720 1054.166400
3.959154 1726.379520 952.430400
3.975545 1699.810560 834.872400
3.992068 1719.768960 788.605200
4.008456 1755.678720 772.815600
4.024930 1685.360640 862.995600
4.041272 1655.552640 933.390000
4.057641 1568.613120 1054.252800
4.074116 1629.471360 1080.000000
4.090566 1625.139840 1080.000000
4.106891 1608.938880 1059.609600
4.123303 1655.736960 1080.000000
4.139849 1685.706240 1068.379200
4.156264 1668.405120 1029.898800
4.172769 1664.666880 887.814000
4.189218 1669.776000 875.545200
4.205621 1732.836480 807.127200
4.222064 1712.641920 887.630400
4.238320 1689.496320 938.584800
4.254921 1741.768320 975.963600
4.271281 1704.898560 879.076800
4.287667 1725.244800 833.468400
4.304146 1753.238400 979.560000
4.320625 1712.177280 918.216000
4.337060 1715.189760 911.995200
4.353454 1739.414400 911.995200
4.369924 1680.996480 974.170800
4.386216 1666.373760 1005.490800
4.402774 1659.548160 933.541200
4.419233 1661.610240 956.242800
4.435613 1670.651520 935.614800
4.452031 1704.714240 903.376800
4.468442 1724.380800 879.552000
4.484807 1724.380800 879.552000
4.501271 1703.806080 923.151600
4.517785 1676.601600 783.345600
4.534113 1685.792640 760.093200
4.550554 1702.554240 836.611200
4.566971 1685.771520 944.330400
4.583520 1694.820480 924.512400
4.599840 1780.746240 814.320000
4.616189 1720.763520 859.377600
4.632685 1720.763520 859.377600
4.649166 1768.638720 904.554000
4.665624 1724.121600 934.556400
4.682001 1714.715520 954.320400
4.698545 1698.115200 943.196400
4.714874 1748.486400 922.827600
4.731335 1743.832320 931.262400
4.747780 1647.106560 994.669200
4.764169 1650.184320 966.664800
4.780593 1654.212480 957.560400
4.797017 1663.209600 916.066800
4.813385 1660.617600 814.212000
4.829804 1669.150080 792.838800
4.846220 1739.598720 837.496800
4.862798 1724.931840 750.200400
