0.000000 106.941446 58.253209
0.016412 81.307783 48.460388
0.032841 39.308331 27.834050
0.049268 -4.632680 3.364615
0.065602 -27.742407 -11.043425
0.082128 -3.639922 1.478331
0.098501 -1.938991 -1.078938
0.114903 1.262123 -1.472936
0.131367 2.983217 0.616583
0.147845 4.372450 3.390021
0.164178 1.812781 -3.033233
0.180629 1.133464 -5.418947
0.197073 4.522721 4.402249
0.213480 2.547325 7.846795
0.229903 -12.036532 -6.861373
0.246326 -26.549674 -29.064512
0.262830 -37.135019 -44.413160
0.279302 -41.772761 -49.753450
0.295642 -39.517150 -41.070416
0.312087 -26.877283 -30.562715
0.328591 -10.771230 -6.642335
0.344940 -0.517670 11.208351
0.361359 1.172704 2.868205
0.377856 -1.473756 -7.181023
0.394258 -2.726884 -8.525618
0.410686 -2.062829 -7.394422
0.427071 -0.073497 -6.865667
0.443584 2.696546 -6.502658
0.460003 5.728598 -8.948785
0.476503 2.971512 -3.296278
0.492804 0.784081 1.258985
0.509183 1.119213 8.864975
0.525597 -1.716063 14.234190
0.542069 -2.263318 8.311013
0.558507 1.571862 5.257681
0.574961 2.778570 -0.910691
0.591346 4.295703 -7.525024
0.607904 3.839718 -11.221269
0.624253 0.088975 -8.635838
0.640725 -3.433455 -4.159634
0.656998 -5.150532 -1.003984
0.673657 -5.839862 -4.378726
0.689777 -5.198628 -1.775985
0.706421 4.544882 -3.304566
0.722848 3.134061 2.780203
0.739062 2.192719 8.204577
0.755729 -13.596888 27.405501
0.772028 -31.052604 47.027086
0.788404 -41.776224 57.830785
0.805051 -45.655708 56.668982
0.821375 -36.621046 44.037450
0.837704 -18.123147 26.038936
0.854266 -0.575281 2.982893
0.870713 2.840574 -5.406619
0.886995 3.637562 -13.841913
0.903448 -3.595735 -7.655130
0.919908 -3.561659 -8.575762
0.936304 -4.442587 -8.505463
0.952822 -1.262865 -4.297935
0.969192 5.804374 0.133122
0.985631 9.891250 3.893054
1.002058 7.478328 3.212457
1.018503 4.042626 7.017608
1.034940 1.045242 8.793726
1.051366 0.254202 6.701451
1.067724 -3.702189 1.658177
1.084267 -5.871194 -7.090955
1.100667 -4.324396 -8.696629
1.117056 -3.508626 -9.246227
1.133530 -2.857205 -7.361779
1.149984 -1.411144 -3.127558
1.166377 1.361553 3.565002
1.182860 2.995552 10.145292
1.199170 3.362525 5.264640
1.215708 3.260989 -1.110111
1.232116 4.122680 -1.950239
1.248448 4.970592 -0.378300
1.264949 4.792123 0.370380
1.281416 4.992634 3.993727
1.297857 5.036754 9.081269
1.314300 1.533942 9.922573
1.330580 -2.280708 5.486791
1.346944 -4.243765 -4.531694
1.363362 -5.359923 -4.555803
1.379803 -7.316156 -2.381014
1.396320 -6.785596 -3.566858
1.412707 -3.649247 -1.164867
1.429120 0.240452 -2.544667
1.445553 1.567395 -4.688008
1.462015 0.774894 -4.335672
1.478584 -2.170774 2.420064
1.495005 -0.249550 2.475558
1.511402 0.740067 5.857420
1.527834 2.357436 8.727988
1.544268 5.083606 1.756540
1.560676 5.472684 -1.582985
1.577129 3.599090 -4.929115
1.593587 0.254145 -1.542087
1.609983 -2.817566 2.708686
1.626302 -2.808458 2.599767
1.642764 -1.651916 2.661116
1.659277 -3.573446 4.255328
1.675673 -2.171830 -0.710436
1.692116 -1.443807 -6.564311
1.708609 0.344923 -6.591152
1.724846 1.887959 -11.169230
1.741318 1.707023 -5.307694
1.757929 0.568096 -0.682779
1.774249 -1.374960 5.779477
1.790756 -2.585455 4.055508
1.807130 -1.976059 -4.007756
1.823584 -2.429761 -7.344678
1.839848 -2.627070 -7.106956
1.856365 -0.476051 -9.176987
1.872838 1.176113 -8.542725
1.889261 1.565691 -0.474025
1.905690 0.845472 -0.382987
1.922042 -0.850385 -2.432089
1.938426 -2.373500 -5.012685
1.954935 -3.722378 1.377442
1.971327 -2.748978 10.917629
1.987777 -0.366184 12.117146
2.004187 2.814959 8.285023
2.020654 6.186820 3.862855
2.037089 7.372787 3.911678
2.053376 6.739589 2.348002
2.069955 4.569202 3.156209
2.086379 2.489476 3.360834
2.102677 0.044676 3.465068
2.119164 -2.454533 2.032931
2.135636 -3.297239 -5.123784
2.152177 -2.909328 -6.006027
2.168522 -2.486989 -5.512113
2.184999 -1.113510 -2.214348
2.201380 -0.751031 1.005818
2.217730 -2.388338 6.316156
2.234245 -1.496445 6.672197
2.250673 -1.120299 6.311933
2.267085 -0.098430 1.516039
2.283619 1.231724 -5.828683
2.299988 2.419126 -6.470278
2.316396 4.480026 -0.569689
2.332799 2.956348 1.011959
2.349273 -0.094248 5.582907
2.365682 -0.509093 9.486930
2.381970 -1.832299 5.286734
2.398570 -2.971491 -2.391192
2.414990 -3.006637 -11.415902
2.431379 -1.507885 -17.113944
2.447861 -0.116993 -14.579529
2.464276 1.445841 -8.615136
2.480645 1.025566 -5.215408
2.497045 2.003821 6.175358
2.513454 1.126764 11.741218
2.530010 -2.629509 10.092765
2.546431 -1.867576 1.947506
2.562714 -1.909010 -9.743015
2.579128 0.624094 -12.616813
2.595670 1.198111 -9.543144
2.612085 0.122910 -4.690488
2.628486 0.424659 1.115656
2.644838 1.115120 6.891223
2.661323 1.085361 7.636236
2.677858 0.520632 1.602444
2.694197 0.587135 -7.011340
2.710668 -0.279701 -9.227219
2.727052 -1.275245 -4.710359
2.743551 -3.334403 -0.994954
2.759924 -2.518839 3.675949
2.776378 1.222538 7.844797
2.792767 2.965445 9.726527
2.809256 4.369744 10.667330
2.825729 3.507792 7.923374
2.842121 -0.041992 3.709387
2.858551 -3.992528 -3.439719
2.874876 -6.849369 -7.113063
2.891337 -6.080379 -4.550953
2.907783 -3.457840 2.663435
2.924282 2.338602 9.641621
2.940524 6.688294 12.111668
2.957107 9.065454 7.968471
2.973567 5.055237 1.434350
2.989788 1.738573 -2.609986
3.006380 2.278994 -0.221451
3.022828 -0.332094 3.470920
3.039225 -2.134166 2.559341
3.055623 -3.425766 -5.657201
3.072183 -3.062267 -9.727113
3.088346 -3.903511 -9.292589
3.104884 -4.687631 -4.670213
3.121268 -4.684611 1.037072
3.137802 0.843100 8.325258
3.154255 4.441566 12.689715
3.170679 2.379813 9.900720
3.187097 2.884353 -0.484403
3.203528 2.675381 -11.543983
3.219958 1.385758 -11.174229
3.236336 -2.344896 -13.749546
3.252809 -6.464907 -11.317368
3.269076 -6.644797 -14.817926
3.285659 -3.016371 -4.527293
3.302030 1.131131 8.193707
3.318576 4.648200 15.654835
3.334977 7.878854 13.396090
3.351319 8.184130 8.239982
3.367721 3.629283 6.900993
3.384217 0.132850 2.329778
3.400654 0.579413 1.746789
3.417029 1.658116 -0.766917
3.433535 2.060395 6.674382
3.449931 1.024157 7.490956
3.466344 -0.288181 -1.766487
3.482758 -1.693234 -9.058139
3.499160 -2.118952 -8.585512
3.515612 -2.400221 -5.989498
3.532070 -1.612814 -6.680533
3.548532 -2.689997 -10.828159
3.564883 -6.809089 -8.606492
3.581374 -6.094622 -4.731701
3.597815 -1.944579 -2.297867
3.614257 2.913198 1.455053
3.630601 5.139459 9.506648
3.647131 4.323009 11.273621
3.663531 4.092370 8.154047
3.679985 1.954967 7.383392
3.696407 -1.476198 7.763404
3.712790 -1.831618 11.554004
3.729281 1.776662 5.322273
3.745665 3.685245 -0.844408
3.762155 2.533474 -4.296263
3.778452 0.139725 -7.875162
3.794846 -2.897523 -7.851192
3.811295 -2.356213 -5.009792
3.827744 -3.344194 -3.841608
3.844282 -1.583178 -5.524600
3.860697 3.474493 -3.105005
3.877106 4.395287 -2.602999
3.893532 2.309444 -1.654566
3.910007 -1.498904 2.276742
3.926377 -4.837228 2.004245
3.942807 -6.546896 -3.255758
3.959214 -4.282311 -6.461070
3.975502 -4.177430 -9.769365
3.992102 -4.365347 -8.912202
4.008515 -2.458416 -3.681673
4.024783 -2.288545 -0.713106
4.041376 -1.256571 4.738531
4.057752 1.550090 7.895112
4.074035 5.079791 7.248094
4.090623 8.637246 7.484625
4.107127 8.259512 8.518493
4.123447 4.567329 3.586127
4.139992 0.629860 -2.148025
4.156360 -1.900852 -6.646875
4.172694 -5.758747 -6.808555
4.189129 -6.148421 -3.736066
4.205612 -5.151792 -1.164881
4.222086 -1.402216 4.222922
4.238455 3.157916 10.532559
4.254859 5.141232 11.012535
4.271354 5.416273 5.021568
4.287718 2.207425 -4.219524
4.304227 0.791586 -8.017080
4.320518 -0.493601 -7.123330
4.337067 -0.051688 -6.267246
4.353528 0.227002 1.164489
4.369890 1.328992 7.186807
4.386271 -1.905142 7.142229
4.402662 -4.087870 -0.303391
4.419117 -6.628729 -6.977811
4.435635 -7.235309 -11.992775
4.451961 -3.724511 -6.905436
4.468435 -0.414307 -1.050956
4.484994 2.951650 7.213279
4.501301 3.835608 12.220545
4.517747 2.940577 6.342834
4.534235 2.198947 -1.012234
4.550580 -0.462756 -10.005803
4.567087 -4.050829 -12.557708
4.583536 -3.288540 -7.424598
4.599853 -1.258904 1.284489
4.616257 1.298085 6.040336
4.632723 4.774567 8.581477
4.649179 4.216365 10.593607
4.665692 2.986228 7.561952
4.682092 -0.183243 -1.792127
4.698534 -2.066625 -7.027935
4.714876 -2.180212 -8.009682
4.731357 -5.073199 -9.605170
4.747761 -4.506502 -9.990065
4.764106 -1.237253 -4.498419
4.780699 6.023066 17.551875
4.797081 4.200924 11.328295
4.813496 0.457948 -14.231014
4.829911 -5.902432 -38.316970
4.846401 -10.880910 -51.890767
