0.000000 3.370001
0.016106 3.372379
0.032509 3.374753
0.048895 3.377119
0.065278 3.379474
0.081751 3.381812
0.098281 3.384129
0.114663 3.386422
0.130977 3.388685
0.147429 3.390913
0.163856 3.393102
0.180403 3.395246
0.196792 3.397338
0.213120 3.399374
0.229597 3.401347
0.246132 3.403251
0.262346 3.405078
0.278867 3.406823
0.295303 3.408477
0.311657 3.410035
0.328131 3.411489
0.344675 3.412831
0.360951 3.414055
0.377433 3.415154
0.393879 3.416120
0.410320 3.416949
0.426671 3.417634
0.443113 3.418169
0.459718 3.418550
0.476101 3.418774
0.492409 3.418837
0.508956 3.418737
0.525325 3.418473
0.541726 3.418045
0.558173 3.417455
0.574598 3.416704
0.591040 3.415796
0.607525 3.414734
0.623866 3.413526
0.640339 3.412177
0.656777 3.410695
0.673178 3.409089
0.689530 3.407367
0.705981 3.405542
0.722426 3.403624
0.738945 3.401625
0.755305 3.399557
0.771664 3.397435
0.788142 3.395272
0.804561 3.393082
0.820950 3.390879
0.837480 3.388678
0.853904 3.386493
0.870260 3.384340
0.886685 3.382232
0.903134 3.380184
0.919651 3.378210
0.936014 3.376323
0.952419 3.374536
0.968972 3.372861
0.985378 3.371310
1.001706 3.369894
1.018154 3.368622
1.034608 3.367504
1.050976 3.366548
1.067429 3.365760
1.083846 3.365146
1.100301 3.364711
1.116847 3.364459
1.133156 3.364393
1.149535 3.364512
1.165972 3.364818
1.182477 3.365310
1.198838 3.365985
1.215308 3.366840
1.231732 3.367870
1.248187 3.369071
1.264606 3.370435
1.280993 3.371957
1.297432 3.373626
1.313845 3.375434
1.330437 3.377371
1.346755 3.379426
1.363151 3.381589
1.379542 3.383846
1.396110 3.386186
1.412528 3.388595
1.428830 3.391060
1.445320 3.393569
1.461748 3.396107
1.478196 3.398661
1.494664 3.401218
1.510981 3.403765
1.527524 3.406289
1.543857 3.408778
1.560275 3.411220
1.576598 3.413605
1.593142 3.415923
1.609625 3.418164
1.626020 3.420320
1.642444 3.422385
1.658865 3.424352
1.675302 3.426216
1.691710 3.427974
1.708184 3.429622
1.724671 3.431158
1.741052 3.432583
1.757401 3.433895
1.773865 3.435097
1.790279 3.436191
1.806796 3.437178
1.823233 3.438064
1.839546 3.438853
1.855978 3.439548
1.872394 3.440157
1.888823 3.440685
1.905302 3.441139
1.921684 3.441524
1.938174 3.441849
1.954606 3.442121
1.971027 3.442346
1.987374 3.442532
2.003905 3.442687
2.020266 3.442819
2.036708 3.442934
2.053229 3.443040
2.069547 3.443145
2.085983 3.443255
2.102459 3.443378
2.118901 3.443520
2.135341 3.443688
2.151800 3.443888
2.168154 3.444127
2.184610 3.444409
2.201108 3.444742
2.217381 3.445129
2.233872 3.445577
2.250305 3.446089
2.266734 3.446670
2.283107 3.447325
2.299550 3.448057
2.315978 3.448869
2.332414 3.449765
2.348922 3.450748
2.365349 3.451821
2.381761 3.452985
2.398150 3.454243
2.414569 3.455596
2.431026 3.457047
2.447525 3.458596
2.463943 3.460244
2.480339 3.461993
2.496841 3.463842
2.513147 3.465793
2.529585 3.467845
2.545995 3.469998
2.562432 3.472253
2.578848 3.474609
2.595294 3.477066
2.611746 3.479623
2.628155 3.482278
2.644617 3.485032
2.661002 3.487883
2.677413 3.490831
2.693855 3.493872
2.710304 3.497007
2.726701 3.500234
2.743167 3.503551
2.759547 3.506955
2.775942 3.510446
2.792504 3.514022
2.808855 3.517680
2.825357 3.521417
2.841728 3.525233
2.858094 3.529125
2.874577 3.533090
2.890925 3.537126
2.907458 3.541231
2.923864 3.545402
2.940257 3.549637
2.956680 3.553933
2.973134 3.558288
2.989605 3.562698
3.006130 3.567162
3.022453 3.571675
3.038880 3.576236
3.055273 3.580842
3.071735 3.585488
3.088177 3.590173
3.104581 3.594892
3.121005 3.599643
3.137473 3.604422
3.153904 3.609226
3.170320 3.614051
3.186713 3.618894
3.203213 3.623751
3.219621 3.628619
3.235999 3.633495
3.252484 3.638375
3.268902 3.643256
3.285358 3.648134
3.301701 3.653008
3.318133 3.657873
3.334515 3.662726
3.351030 3.667566
3.367499 3.672390
3.383879 3.677195
3.400378 3.681979
3.416658 3.686740
3.433087 3.691476
3.449618 3.696185
3.465914 3.700865
3.482457 3.705516
3.498908 3.710135
3.515255 3.714722
3.531748 3.719276
3.548213 3.723796
3.564657 3.728281
3.581009 3.732731
3.597498 3.737145
3.613887 3.741523
3.630337 3.745866
3.646792 3.750172
3.663180 3.754444
3.679510 3.758679
3.696050 3.762880
3.712421 3.767047
3.728872 3.771180
3.745404 3.775279
3.761697 3.779347
3.778201 3.783383
3.794605 3.787390
3.810981 3.791368
3.827401 3.795319
3.843822 3.799244
3.860277 3.803146
3.876636 3.807027
3.893184 3.810888
3.909461 3.814733
3.925917 3.818564
3.942382 3.822384
3.958889 3.826195
3.975307 3.830001
3.991778 3.833805
4.008154 3.837611
4.024563 3.841422
4.040893 3.845241
4.057430 3.849073
4.073885 3.852921
4.090305 3.856788
4.106708 3.860679
4.123179 3.864598
4.139481 3.868547
4.155997 3.872531
4.172536 3.876553
4.188881 3.880617
4.205350 3.884726
4.221755 3.888883
4.238114 3.893092
4.254629 3.897354
4.270983 3.901673
4.287446 3.906052
4.303897 3.910491
4.320304 3.914992
4.336654 3.919558
4.353139 3.924188
4.369630 3.928883
4.385954 3.933644
4.402432 3.938470
4.418886 3.943360
4.435187 3.948313
4.451745 3.953328
4.468178 3.958402
4.484597 3.963535
4.501053 3.968722
4.517467 3.973962
4.533872 3.979251
4.550381 3.984587
4.566732 3.989966
4.583132 3.995384
4.599607 4.000839
4.616029 4.006326
4.632464 4.011843
4.648806 4.017386
4.665178 4.022952
4.681698 4.028539
4.698254 4.034142
4.714455 4.039761
4.730966 4.045391
4.747514 4.051032
4.763797 4.056682
4.780277 4.062338
4.796694 4.067999
4.812976 4.073664
4.829575 4.079332
4.846013 4.085001
