0.000000 11.924757 57.877158
0.016106 7.369473 47.286554
0.032509 2.969482 18.747282
0.048895 -0.583011 -4.029950
0.065278 -0.193084 -9.828548
0.081751 2.745712 5.454797
0.098281 1.498741 5.159039
0.114663 -1.131120 1.620032
0.130977 -2.293890 -0.723530
0.147429 -3.558038 -1.255441
0.163856 -2.427706 1.291026
0.180403 4.475580 -1.757206
0.196792 5.287799 4.881217
0.213120 0.476668 4.924973
0.229597 -3.596950 -4.851810
0.246132 -5.370024 -7.461557
0.262346 -6.444081 -6.942471
0.278867 -3.571450 -2.673087
0.295303 0.961068 3.756394
0.311657 3.947317 13.093118
0.328131 2.581066 12.488469
0.344675 7.176417 2.176091
0.360951 15.610320 -8.694288
0.377433 29.589217 -31.333058
0.393879 36.789681 -47.780239
0.410320 38.088508 -56.813556
0.426671 32.996449 -52.697388
0.443113 21.241910 -36.315558
0.459718 6.888011 -17.901565
0.476101 -1.617637 -7.198816
0.492409 -0.563362 0.307459
0.508956 -1.749655 6.465352
0.525325 1.026508 0.000000
0.541726 -0.026656 -0.072340
0.558173 -2.081111 -0.388442
0.574598 -2.113932 0.578431
0.591040 -2.322831 0.896050
0.607525 -2.954779 0.780268
0.623866 -0.931743 -0.035196
0.640339 1.848156 0.817222
0.656777 -2.137594 -0.831845
0.673178 -1.704144 -3.928336
0.689530 12.443490 2.332095
0.705981 28.884310 10.770411
0.722426 42.006872 20.586270
0.738945 46.220183 26.621400
0.755305 41.702611 29.545999
0.771664 28.070403 31.692526
0.788142 9.497294 26.122035
0.804561 -5.214420 13.020382
0.820950 -2.610274 0.802019
0.837480 0.605108 1.820349
0.853904 -1.925442 8.478482
0.870260 -1.148526 5.416122
0.886685 -1.210981 -0.058627
0.903134 -3.706732 -8.576746
0.919651 -4.001727 -7.315466
0.936014 -0.521939 -8.022680
0.952419 2.377578 -3.885839
0.968972 4.621070 9.406282
0.985378 1.596815 23.932566
1.001706 -0.353540 22.314569
1.018154 -2.293869 12.388398
1.034608 -5.041302 9.364538
1.050976 -5.249393 6.150015
1.067429 -2.927741 6.890633
1.083846 0.906452 -0.123881
1.100301 6.978833 -9.137363
1.116847 7.415200 -7.159796
1.133156 4.787901 -5.212191
1.149535 0.871953 1.283592
1.165972 -1.530335 9.987063
1.182477 -2.994532 12.152834
1.198838 -2.030430 11.942770
1.215308 -1.532004 7.395477
1.231732 1.792789 -3.547465
1.248187 3.775119 -17.602640
1.264606 0.394449 -10.476450
1.280993 0.412314 -9.366035
1.297432 0.820930 -10.951631
1.313845 0.592772 -2.255244
1.330437 0.181438 5.570740
1.346755 0.958935 7.434579
1.363151 -1.216380 5.949929
1.379542 1.784200 3.675821
1.396110 4.896373 6.647455
1.412528 9.086607 15.561510
1.428830 4.053529 5.506213
1.445320 5.921948 0.691846
1.461748 -14.630655 0.845858
1.478196 -46.564348 -8.269228
1.494664 -74.387090 -10.809455
1.510981 -87.323154 -8.872494
1.527524 -77.549933 -4.358239
1.543857 -55.851136 -3.880915
1.560275 -26.673592 -0.250929
1.576598 -1.456158 -1.492552
1.593142 19.193420 -2.218152
1.609625 5.052692 -3.522747
1.626020 -3.509455 -7.223664
1.642444 -7.635169 -11.499777
1.658865 -8.132595 -10.990399
1.675302 -7.991923 -9.832619
1.691710 -9.396227 -9.702933
1.708184 -3.102886 -4.125155
1.724671 1.069291 -1.778907
1.741052 1.268312 0.884462
1.757401 -1.884074 5.123811
1.773865 1.587531 4.330584
1.790279 6.530658 5.648477
1.806796 8.207468 8.970938
1.823233 4.101620 8.083529
1.839546 2.189042 11.251846
1.855978 1.541520 17.037027
1.872394 -3.304545 16.024652
1.888823 -6.430362 7.340731
1.905302 -5.707706 0.418237
1.921684 -3.550505 -5.297729
1.938174 -2.635117 -6.965784
1.954606 -2.829714 -3.274208
1.971027 -2.847507 -0.903819
1.987374 -2.821812 -2.987504
2.003905 -4.705781 -3.733649
2.020266 -4.379844 -5.513621
2.036708 -2.210160 -2.330424
2.053229 0.462008 4.581854
2.069547 2.873712 7.348241
2.085983 4.442808 7.346811
2.102459 5.911737 4.055465
2.118901 4.664500 -1.431258
2.135341 4.488317 -2.376953
2.151800 3.785676 1.046427
2.168154 1.981376 1.196450
2.184610 -1.005341 1.361231
2.201108 -4.697394 -1.734871
2.217381 -6.457397 -2.993818
2.233872 -8.822917 -2.365862
2.250305 -5.723993 0.063503
2.266734 -1.956375 -1.486454
2.283107 1.267360 -6.299163
2.299550 2.388701 -11.167417
2.315978 3.585593 -11.724147
2.332414 6.798298 -6.613847
2.348922 6.479861 0.977825
2.365349 4.813432 9.543860
2.381761 1.787097 11.442645
2.398150 1.504357 10.020397
2.414569 -1.127684 3.983957
2.431026 -2.331818 0.156154
2.447525 -4.392105 -2.209192
2.463943 -3.382546 -3.229983
2.480339 -1.731866 -3.609310
2.496841 -2.286428 -7.619981
2.513147 -1.191892 -8.202196
2.529585 0.804163 -2.576377
2.545995 1.901613 -0.746905
2.562432 1.619963 1.713563
2.578848 1.576422 6.261597
2.595294 -0.594458 4.955397
2.611746 -0.947749 1.910084
2.628155 -3.641241 -1.563787
2.644617 -2.949067 -5.201649
2.661002 -1.756788 -2.569096
2.677413 -1.246178 -0.578578
2.693855 0.102384 0.283697
2.710304 1.695557 4.507093
2.726701 1.887544 2.371965
2.743167 -0.948380 -4.118509
2.759547 -1.585258 -4.674952
2.775942 -1.265879 -4.353267
2.792504 0.518922 -2.650325
2.808855 0.291846 2.759093
2.825357 0.862234 4.805985
2.841728 2.195289 5.346717
2.858094 0.122684 3.708219
2.874577 -2.496958 2.904240
2.890925 -4.787477 4.590162
2.907458 -3.503387 5.450324
2.923864 -1.864136 5.027293
2.940257 1.351894 2.281371
2.956680 4.769605 -1.421803
2.973134 7.635205 -5.833932
2.989605 4.792426 -7.668687
3.006130 1.889227 -7.075547
3.022453 1.850612 -3.487722
3.038880 0.149961 -1.158027
3.055273 -0.350148 -0.659138
3.071735 -0.370316 -0.082854
3.088177 -0.303550 -4.235412
3.104581 -1.929658 -4.105142
3.121005 -4.124145 -0.113870
3.137473 -5.218097 3.739882
3.153904 -1.780714 6.491089
3.170320 -1.210179 6.839712
3.186713 -0.460135 2.327350
3.203213 2.665368 -0.900640
3.219621 3.498372 -5.167352
3.235999 3.711497 -5.525742
3.252484 1.746680 -2.677311
3.268902 0.602448 -2.684336
3.285358 -3.416896 -2.366954
3.301701 -6.553598 -2.063958
3.318133 -6.882108 -2.759922
3.334515 -2.888151 -1.136825
3.351030 0.098475 3.712628
3.367499 1.572476 7.742676
3.383879 3.906319 10.515391
3.400378 2.986575 6.429014
3.416658 1.043889 -0.096237
3.433087 0.246025 -3.318095
3.449618 1.678445 -4.912865
3.465914 1.633335 -0.482340
3.482457 0.182300 0.279949
3.498908 -4.156234 -1.937052
3.515255 -7.329909 -5.059571
3.531748 -8.201393 -9.936287
3.548213 -8.197330 -12.808979
3.564657 -3.955390 -8.329949
3.581009 0.315744 0.135103
3.597498 2.839037 7.313958
3.613887 4.682865 10.815037
3.630337 6.665365 9.562905
3.646792 8.117551 10.468638
3.663180 9.341503 8.816367
3.679510 8.478350 3.730656
3.696050 5.840645 0.958470
3.712421 1.262007 -1.717405
3.728872 -3.153957 -3.387679
3.745404 -3.752745 -1.161790
3.761697 -3.547396 0.675754
3.778201 -1.758318 1.532844
3.794605 -2.727210 -0.820213
3.810981 -5.113429 -3.746627
3.827401 -8.467067 -8.572792
3.843822 -8.760263 -10.520400
3.860277 -5.024136 -9.136636
3.876636 2.178483 -6.011460
3.893184 6.575674 1.967684
3.909461 6.714781 9.750128
3.925917 5.249686 14.403115
3.942382 2.171682 14.368254
3.958889 0.977429 12.738754
3.975307 0.613567 6.296992
3.991778 1.285859 1.004558
4.008154 0.430381 -0.365013
4.024563 1.191915 -2.268519
4.040893 0.207953 -2.038112
4.057430 -0.232237 -5.839507
4.073885 0.762803 -9.518872
4.090305 1.763103 -8.662267
4.106708 3.381872 -6.247098
4.123179 0.926700 -3.756468
4.139481 -2.044876 1.005647
4.155997 -4.620709 5.590180
4.172536 -3.560050 2.255009
4.188881 -4.096578 -2.573042
4.205350 -3.413539 -7.161922
4.221755 -1.481480 -10.849544
4.238114 1.820462 -6.436700
4.254629 5.266449 -0.879873
4.270983 2.256319 6.994430
4.287446 -1.333019 14.156389
4.303897 -5.045117 18.866587
4.320304 -7.987272 9.815626
4.336654 -8.463366 4.194941
4.353139 -4.328168 2.483111
4.369630 -0.416407 4.279349
4.385954 3.610222 1.148890
4.402432 2.985957 -11.206241
4.418886 0.723850 -14.914805
4.435187 1.198642 -16.529084
4.451745 2.493069 -17.582637
4.468178 4.685947 -12.391203
4.484597 5.507706 2.803724
4.501053 0.972315 10.896127
4.517467 -1.116958 15.046741
4.533872 -1.048527 10.310621
4.550381 -0.989364 9.876804
4.566732 6.363255 11.742965
4.583132 8.949576 5.858324
4.599607 7.064289 1.301250
4.616029 5.205143 -0.429247
4.632464 1.170379 -4.137875
4.648806 -0.553598 -4.943184
4.665178 0.311172 -3.948977
4.681698 -2.008878 -4.893987
4.698254 -3.131688 -2.125958
4.714455 0.283651 -2.331827
4.730966 -3.750397 -4.891057
4.747514 -5.941009 -9.689944
4.763797 -4.941299 -4.882951
4.780277 -4.121063 9.697497
4.796694 -4.203634 0.743011
4.812976 -5.061114 -18.642268
4.829575 -5.110408 -36.264017
4.846013 -4.322738 -48.900473
