0.000000 102.154568 43.778708
0.016339 78.546650 35.328699
0.032790 38.355190 16.636966
0.049148 -1.269380 0.425647
0.065594 -22.625290 -7.219759
0.082055 0.765845 3.350106
0.098535 3.710970 5.578695
0.114964 4.839738 4.748475
0.131387 3.692106 2.176704
0.147859 0.169552 -2.406854
0.164162 -0.294094 -4.855540
0.180702 11.060666 4.350655
0.197170 2.264869 6.224656
0.213521 -16.581521 -6.572012
0.229988 -32.583669 -23.517156
0.246313 -42.211218 -38.173908
0.262785 -45.824054 -40.756697
0.279294 -37.366218 -32.645921
0.295727 -19.906545 -11.960382
0.312103 -1.403313 7.212085
0.328593 6.708141 15.997375
0.345012 -5.004047 9.405104
0.361422 -4.488519 5.168007
0.377820 -3.901741 1.587759
0.394340 -3.718374 -1.018383
0.410617 -1.157042 -4.035428
0.427136 0.507756 -9.403481
0.443433 1.524019 -11.346426
0.459974 2.637340 -15.012852
0.476281 4.799628 -11.424139
0.492861 7.264026 -5.064585
0.509305 7.651236 -0.428427
0.525695 7.214225 3.136410
0.542188 5.101916 6.788054
0.558561 0.363160 5.604137
0.574940 -5.883714 3.772053
0.591227 -8.335444 3.426102
0.607852 -6.749637 -1.105829
0.624250 -3.560978 -6.099969
0.640608 0.948506 -5.461389
0.657166 4.999976 3.612578
0.673477 8.107644 15.064623
0.689881 5.916398 19.176912
0.706317 2.314477 16.856612
0.722883 2.171655 10.829903
0.739261 -1.064585 0.278511
0.755687 -3.518893 -12.398693
0.772084 -4.673252 -18.493660
0.788606 -4.750273 -17.301497
0.804875 -4.392011 -10.425733
0.821380 -4.239413 -0.871545
0.837816 -3.657260 2.482273
0.854237 -1.635248 6.044029
0.870658 -1.961094 6.052178
0.887089 -3.780594 1.377836
0.903539 0.813191 -3.568425
0.919988 5.103904 -8.166961
0.936393 3.423909 -7.691593
0.952750 5.054073 -1.412523
0.969243 0.062476 -5.748675
0.985633 8.980778 4.007404
1.002099 23.445216 18.687639
1.018478 36.199188 32.259298
1.034966 42.588150 33.121516
1.051384 40.479470 31.233843
1.067885 29.686639 23.769850
1.084298 13.396489 17.935722
1.100586 0.220066 7.866550
1.117123 -9.049699 1.735939
1.133538 -4.607070 8.070149
1.149920 -6.342688 4.401640
1.166461 -8.091399 3.902729
1.182820 -6.699277 -0.150961
1.199102 -3.760526 3.100735
1.215706 -2.247878 5.344895
1.232116 -0.986246 7.704705
1.248515 -0.585746 4.174901
1.264976 -0.751995 -0.223279
1.281340 -0.501766 -1.547806
1.297735 1.088708 -2.766868
1.314216 11.948912 -9.523095
1.330750 10.513135 -10.620556
1.347093 -14.018630 -9.337424
1.363465 -36.871753 -10.947498
1.379909 -65.421095 -9.121437
1.396357 -83.269500 -4.094355
1.412843 -83.308289 3.416936
1.429281 -62.293732 10.801345
1.445708 -31.077126 10.539313
1.462114 -0.688185 9.138221
1.478514 5.929161 6.782809
1.494990 5.257893 -3.531237
1.511435 2.844399 -9.089427
1.527824 -5.142124 -10.150306
1.544182 -2.362250 -8.369895
1.560603 2.500636 -4.403478
1.576958 7.965765 3.760979
1.593539 8.469424 9.466123
1.609954 5.839908 13.735289
1.626340 0.106416 10.062054
1.642863 -4.873998 6.014120
1.659262 -6.448480 1.460524
1.675552 -2.011955 -0.291927
1.692181 -0.907255 1.326001
1.708456 -0.365300 4.503947
1.724994 -1.305618 2.998063
1.741347 0.278363 -0.217320
1.757781 -9.398606 -2.071489
1.774224 0.566131 -4.042127
1.790478 29.359559 0.075678
1.807143 53.849681 2.418311
1.823612 93.477804 7.375151
1.839927 89.573543 9.173388
1.856356 44.863532 12.812655
1.872816 8.894409 5.098439
1.889257 -15.752031 1.409586
1.905621 -21.953186 -2.779390
1.922092 3.677214 -11.948949
1.938513 25.441278 -15.970516
1.954963 36.276111 -18.128084
1.971340 39.737318 -10.370609
1.987817 2.800920 -1.524218
2.004193 -12.928708 6.696504
2.020620 -2.517782 4.683244
2.037226 -2.061513 6.944265
2.053429 -2.092321 6.353168
2.069932 -0.827444 0.992247
2.086338 0.299661 1.496715
2.102784 -0.456678 2.716005
2.119235 -0.121959 7.567403
2.135591 -3.456180 2.890495
2.152087 -3.501497 -8.856561
2.168377 0.022995 -17.411954
2.184943 0.983016 -16.003389
2.201321 0.388680 -10.564891
2.217708 3.798163 -0.029018
2.234206 2.178619 7.634792
2.250603 -0.872260 6.735779
2.267093 -1.345710 5.443982
2.283434 -1.755041 -1.926387
2.299989 0.807730 -5.777743
2.316436 2.665706 -6.218462
2.332819 2.717220 -4.008164
2.349164 2.836630 2.261660
2.365540 0.379624 2.503380
2.382068 -4.182332 -1.742273
2.398518 -2.620881 0.230062
2.414974 0.089119 2.215418
2.431333 0.012218 -0.972790
2.447773 -3.373210 -2.135276
2.464218 -5.285365 0.018443
2.480612 -4.044677 6.092408
2.497012 -0.030151 8.304084
2.513467 2.764103 4.232069
2.529889 6.110218 3.837233
2.546362 3.655797 1.649771
2.562865 -1.545811 -2.300620
2.579219 -4.810360 -0.510907
2.595656 -5.505301 3.291729
2.612106 -0.093356 0.945883
2.628497 4.574626 -0.805617
2.644875 6.585529 -0.378105
2.661428 5.696377 -0.079584
2.677767 3.560742 1.807854
2.694168 1.528427 0.963261
2.710574 2.925587 1.507440
2.727055 0.899054 3.041753
2.743506 -2.837171 4.517809
2.759993 -4.071449 -0.570397
2.776363 -5.265909 2.800832
2.792708 -5.082442 5.231383
2.809218 -1.211411 -1.327936
2.825582 0.139754 -2.516321
2.842042 0.332716 3.073937
2.858462 -0.835470 5.690089
2.874914 -4.496654 3.149180
2.891395 -6.359588 -2.485840
2.907757 -3.083316 -6.534235
2.924203 0.361505 -5.624965
2.940624 3.499900 -4.427695
2.957051 5.767163 -8.710536
2.973467 3.572817 1.227286
2.989796 2.311006 7.215848
3.006462 1.360067 5.999161
3.022742 0.227000 2.700542
3.039320 -0.883631 -0.627363
3.055579 0.290295 -5.121674
3.072010 -0.892193 -9.960875
3.088457 -2.729871 -11.859510
3.104888 -1.372259 -8.466907
3.121343 -1.620734 6.297009
3.137731 -1.802347 18.303232
3.154202 -1.642064 13.894836
3.170586 -1.632428 7.370694
3.187028 -1.278921 3.609525
3.203487 -0.398008 -2.418704
3.219993 0.462177 -6.019531
3.236303 1.209035 -9.488759
3.252843 3.639003 -4.927354
3.269194 3.661329 -2.671930
3.285695 4.472844 -4.699106
3.302051 6.532174 -9.055747
3.318490 4.164159 -0.496019
3.334948 -0.077925 6.611378
3.351287 -4.268782 8.137786
3.367740 -6.528649 5.338908
3.384184 -6.596469 0.473011
3.400632 -3.260183 -3.319190
3.417083 0.915082 -12.740520
3.433513 4.105455 -19.296501
3.450029 5.124355 -12.395676
3.466257 1.693709 -1.225780
3.482707 -0.176905 7.115331
3.499198 -2.457369 11.488825
3.515617 -4.224590 15.987726
3.532195 -5.876309 18.577058
3.548426 -3.475629 14.979889
3.564911 -0.206305 4.895592
3.581309 2.475529 -4.632071
3.597743 5.167711 -6.575984
3.614234 6.603527 -11.679736
3.630570 7.474000 -12.911978
3.647070 4.634620 -8.694907
3.663440 0.941462 -3.050268
3.679837 -2.011935 0.815749
3.696323 -3.486624 0.142898
3.712880 -4.878077 -0.803422
3.729209 -4.362980 1.023094
3.745717 -2.469952 1.550496
3.762094 -0.469513 1.091436
3.778414 -0.785999 5.084206
3.794949 0.297524 8.528676
3.811351 0.120713 8.203939
3.827665 -1.137732 2.110484
3.844166 -2.722691 3.065409
3.860577 -2.143368 2.130610
3.876959 -0.675709 -3.775358
3.893474 -0.065072 -4.005899
3.909930 0.406870 2.342011
3.926354 0.624297 9.123245
3.942749 2.063981 7.824846
3.959087 -1.417065 5.594214
3.975661 -2.868413 1.047526
3.992149 -2.590239 3.130410
4.008389 0.779165 -6.756539
4.024993 5.831957 -12.242438
4.041394 4.012227 -10.209744
4.057825 3.891617 -9.328252
4.074241 3.250807 -6.011707
4.090647 1.891911 -4.387440
4.107140 0.292166 -0.243255
4.123465 -0.430376 4.243704
4.139934 3.083755 3.455035
4.156332 3.580748 -1.765110
4.172733 -0.576420 -1.646844
4.189260 -6.118920 -3.821288
4.205680 -4.392882 -1.178562
4.222089 -2.982209 4.847489
4.238549 1.055925 2.131761
4.255014 4.051097 1.052267
4.271388 5.111775 2.212990
4.287849 5.605069 -2.186313
4.304246 0.187818 -2.977832
4.320638 -3.038898 -5.950174
4.337067 -4.456523 -8.192859
4.353516 -5.503495 0.141327
4.369968 -7.129555 8.765772
4.386344 -3.490286 8.384314
4.402811 -1.987739 10.354183
4.419283 -1.233785 5.452684
4.435662 3.714184 -9.261379
4.452038 5.779035 -17.616684
4.468540 5.982957 -20.488975
4.484907 4.600458 -9.530766
4.501405 1.331430 4.764208
4.517840 -2.306198 13.471735
4.534242 -2.493988 10.727611
4.550663 -5.125841 10.702108
4.567075 -3.781082 8.870803
4.583575 0.476010 3.966180
4.599889 1.553717 1.203025
4.616359 3.787397 -4.473340
4.632824 3.688139 -2.325953
4.649200 2.711321 -7.197235
4.665599 3.295336 -8.880108
4.682095 1.662195 -10.839720
4.698463 -0.230475 -4.174248
4.714971 -0.395393 2.460235
4.731398 0.220830 2.550915
4.747805 -0.382905 1.725594
4.764296 -2.957220 3.303910
4.780626 -3.984195 4.252399
4.797091 20.393347 9.217454
4.813541 -2.050872 -4.287081
4.829931 -43.473692 -24.503164
4.846365 -79.543189 -39.289492
4.862729 -101.062940 -49.226827
