0.000000 55.686568 21.682371
0.016387 42.330943 16.275264
0.032710 21.259703 6.414982
0.049212 -0.087847 -5.152594
0.065609 -10.176122 -12.541951
0.082095 1.538545 -9.906248
0.098541 0.796682 -5.560774
0.115066 -1.672181 1.703076
0.131330 -2.647244 5.216618
0.147769 -3.257852 10.372420
0.164197 -2.869772 12.505952
0.180591 0.730863 8.745236
0.197063 4.468492 2.040878
0.213563 6.266246 -1.999168
0.229783 5.914547 -8.841668
0.246261 4.017395 -14.376534
0.262818 -0.128289 -19.624627
0.279204 -0.641417 -20.642620
0.295578 -2.401799 -13.294247
0.312064 -3.806481 -3.227957
0.328519 -1.639462 4.750700
0.344917 0.991937 10.209836
0.361354 3.086621 9.801977
0.377814 4.094091 5.213687
0.394264 2.383071 -1.606253
0.410627 1.817229 -7.353339
0.427075 2.174680 -6.917913
0.443437 0.250907 -3.532799
0.459936 0.204518 -0.149445
0.476325 1.366944 -0.820882
0.492748 0.406075 -1.721340
0.509229 -1.488313 -2.603944
0.525586 -3.608057 -3.461191
0.541990 -3.661899 -6.984491
0.558540 -1.618442 -5.287244
0.574804 0.926893 -2.598798
0.591302 2.022876 -0.752740
0.607782 0.530235 2.699567
0.624187 0.997495 3.561273
0.640653 -1.251869 5.932305
0.657055 -0.039283 1.873800
0.673504 -3.885043 6.954204
0.689921 -9.339365 14.903524
0.706312 -15.155849 21.860842
0.722794 -19.463801 23.198881
0.739172 -19.293699 23.258154
0.755611 -13.163142 20.012874
0.772031 -4.757219 11.065253
0.788407 -0.269643 3.195787
0.805000 2.998444 -0.498427
0.821311 -0.866903 2.288555
0.837778 -1.833756 0.418114
0.854246 2.039865 -3.706959
0.870641 -1.499305 -3.747285
0.887069 -8.239523 4.063170
0.903535 -14.404534 12.111276
0.920018 -19.332319 17.325959
0.936353 -21.119181 18.608177
0.952793 -19.432668 12.930954
0.969164 -14.271198 4.113002
0.985677 -6.880262 -0.401792
1.002027 -1.096286 -2.420494
1.018449 -2.427038 1.402883
1.034941 0.543847 5.308751
1.051301 2.600937 5.505932
1.067766 2.590797 3.945502
1.084179 3.327600 3.964045
1.100659 4.133347 5.922668
1.117005 5.815606 5.031675
1.133546 5.011197 3.428303
1.149865 -0.852463 2.630005
1.166252 -1.900754 0.299134
1.182837 2.910315 -4.805283
1.199143 5.666841 -6.375924
1.215528 16.552691 -6.395805
1.232070 27.873173 -11.192901
1.248507 32.991688 -19.612545
1.264925 31.354546 -27.340732
1.281385 22.528486 -28.336529
1.297763 12.612767 -24.736896
1.314167 8.457553 -22.345615
1.330613 2.762065 -17.458976
1.347095 -1.070119 -11.673540
1.363409 2.095905 -4.218688
1.379934 0.878191 -2.269214
1.396343 -1.006035 -0.968674
1.412792 -1.611886 -2.484815
1.429158 -0.782098 -4.335870
1.445570 0.878075 -4.236136
1.462060 3.036638 -6.886243
1.478472 3.238852 -7.209147
1.494938 2.187937 -5.986241
1.511382 0.099697 -2.367125
1.527669 -0.363527 -5.540112
1.544166 0.673223 -5.086843
1.560665 1.432681 -3.536334
1.577078 2.105951 -0.413130
1.593579 2.192392 1.254056
1.609849 0.043424 0.249873
1.626395 -1.064690 0.000000
1.642738 -0.818538 -0.442986
1.659238 0.805976 0.242093
1.675565 1.981333 -0.255717
1.692064 2.251372 -9.431995
1.708464 3.520060 14.156480
1.724863 -2.004695 22.520663
1.741210 -13.869605 11.242134
1.757729 -17.465424 12.611269
1.774254 -12.816979 18.431464
1.790636 -6.262165 29.065234
1.807086 2.279860 22.022158
2.037024 9.966812 3.343424
2.053415 13.103175 -6.684044
2.069908 10.871575 -9.189625
2.086382 2.486403 -38.376829
2.102719 -0.148523 -40.339340
2.119167 3.399003 -18.420971
2.135705 2.049615 -5.748814
2.152040 1.113509 0.933159
2.168505 1.686344 -5.117033
2.184900 1.847913 -2.766409
2.201363 2.053790 1.792214
2.217773 1.801773 0.168948
2.234194 -1.497203 0.257123
2.250628 -2.757843 0.000000
2.267009 -3.069773 0.000000
2.283415 -2.755549 0.000000
2.299918 -0.152774 0.000000
2.316299 1.098878 0.000000
2.332769 0.715857 0.000000
2.349219 0.176166 0.000000
2.365647 -1.525171 0.000000
2.382009 -1.850771 0.000000
2.398441 0.048925 0.000000
2.414829 -0.129247 -0.363551
2.431374 0.442166 0.356279
2.447797 -0.149943 0.020167
2.464296 -1.003455 1.029868
2.480540 -0.254122 1.654091
2.496985 0.476067 1.387118
2.513531 0.407844 0.578956
2.529912 1.015964 -0.420385
2.546301 1.757378 -1.260898
2.562793 1.257985 -1.592574
2.579215 0.089604 -1.065405
2.595523 -0.536030 -0.952029
2.612066 0.509841 0.436640
2.628494 1.060891 0.191724
2.644816 1.365460 0.000000
2.661284 1.511134 0.000000
2.677716 0.450573 0.000000
2.694202 -0.646982 0.000000
2.710671 -1.732429 0.000000
2.726990 -1.996658 0.000000
2.743464 -0.893203 0.000000
2.759860 -0.131172 0.000000
2.776318 -0.019449 -0.116608
2.792738 0.275158 -0.052924
2.809161 0.382136 0.203440
2.825668 0.557687 0.655867
2.842032 2.570887 0.691890
2.858491 2.114809 0.445307
2.874905 0.553086 0.049917
2.891364 -2.067882 -1.035295
2.907738 -3.357262 -1.475671
2.924192 -3.217864 -1.029708
2.940602 -1.107153 3.864534
2.957091 1.011093 8.223597
2.973501 3.229314 11.977608
2.989885 3.753672 11.608063
3.006331 1.334458 7.989095
3.022691 0.695656 1.567329
3.039095 -1.287004 -6.547995
3.055482 -1.470715 -9.721441
3.071976 -1.333418 -9.923584
3.088450 -1.311121 -6.927750
3.104941 -1.155764 -5.118078
3.121390 -0.300092 -2.703191
3.137779 -0.593776 -1.156483
3.154256 -0.188035 -0.123638
3.170579 -0.222639 -0.210880
3.187115 -1.126945 -0.261903
3.203515 -0.549463 0.745456
3.219892 -1.307539 -0.361290
3.236368 -1.376428 -0.613949
3.252665 0.449222 -0.649346
3.269138 2.346889 -0.358849
3.285613 3.514941 0.366173
3.302066 3.273554 0.000000
3.318468 1.184929 0.000000
3.334915 -1.005063 0.000000
3.351431 -3.019117 -0.018972
3.367666 -3.428357 -1.506869
3.384193 -2.265014 -0.550289
3.400611 -1.167270 2.341395
3.417018 -1.014240 7.058728
3.433397 -0.354267 9.725481
3.449907 -0.787738 9.099656
3.466301 -0.111463 5.585586
3.482652 0.365028 0.885778
3.499203 -0.058180 -3.994531
3.515558 -1.091357 -9.067615
3.532077 -1.605244 -5.179112
3.548443 -1.050300 -2.453431
3.564970 -0.188828 -0.780075
3.581339 1.876065 -1.549062
3.597740 2.571234 -2.247507
3.614217 3.451565 -2.529579
3.630589 2.457168 -2.475763
3.646987 0.673966 -2.484178
3.663417 -1.295215 -1.468759
3.679946 -1.905344 1.608907
3.696368 -2.664177 0.000000
3.712773 -3.400199 0.000000
3.729149 -1.181634 0.000000
3.745603 0.686699 0.000000
3.762045 1.506625 0.000000
3.778490 1.639372 -0.650596
3.794918 1.850168 -1.040732
3.811264 2.248154 1.755638
3.827695 1.823327 4.052196
3.844159 0.592489 5.645973
3.860617 0.044266 5.310040
3.877004 0.208539 3.905756
3.893474 -1.618015 0.463144
3.909817 -3.655399 -3.333141
3.926280 -2.607900 -5.798420
3.942794 -1.009676 -5.248099
3.959116 1.194207 -2.901329
3.975466 1.943782 -2.167950
3.992024 2.297842 -0.679658
4.008546 1.440583 0.092410
4.024859 0.716587 0.594761
4.041395 -0.931431 0.000000
4.057739 -1.804021 0.000000
4.074192 -1.437366 0.000000
4.090561 12.055405 0.000000
4.107045 -0.515149 0.000000
4.123466 -24.011559 0.000000
4.139941 -45.533277 0.000000
4.156329 -57.985006 0.000000
