0.000000 347.790720 1080.000000
0.016412 364.801920 1080.000000
0.032758 357.208320 1080.000000
0.049130 313.048320 1080.000000
0.065628 456.103680 1025.838000
0.082100 449.969280 1009.594800
0.098503 787.232640 252.234000
0.115014 846.524160 249.058800
0.131245 846.080640 263.206800
0.147667 835.411200 362.890800
0.164266 804.792960 288.187200
0.180695 809.080320 325.134000
0.197067 892.295040 468.504000
0.213576 842.939520 380.354400
0.229922 841.113600 355.482000
0.246349 870.975360 312.735600
0.262858 843.889920 345.308400
0.279250 842.161920 321.019200
0.295755 974.363520 0.000000
0.312000 934.944000 3.661200
0.328474 934.199040 0.000000
0.344940 977.172480 0.000000
0.361287 950.344320 0.000000
0.377875 950.344320 0.000000
0.394210 915.233280 0.000000
0.410661 952.137600 0.000000
0.427110 952.137600 0.000000
0.443537 983.349120 0.000000
0.459901 985.455360 0.000000
0.476437 985.541760 0.000000
0.492755 935.331840 0.000000
0.509103 975.596160 23.500800
0.525573 975.864960 58.201200
0.542084 954.092160 0.000000
0.558522 1009.799040 56.322000
0.575025 1009.971840 28.522800
0.591378 930.677760 0.000000
0.607811 954.708480 0.000000
0.624209 954.708480 0.000000
0.640608 956.565120 0.000000
0.657103 941.013120 0.000000
0.673562 940.807680 0.000000
0.689966 951.273600 0.000000
0.706431 963.617280 0.000000
0.722834 964.719360 1.155600
0.739233 915.623040 0.000000
0.755661 953.585280 0.000000
0.772009 952.137600 0.000000
0.788560 936.996480 0.000000
0.804959 946.855680 0.000000
0.821376 947.719680 0.000000
0.837821 960.906240 0.000000
0.854248 971.857920 0.000000
0.870631 972.051840 0.000000
0.887127 912.101760 0.000000
0.903518 988.404480 0.000000
0.919968 986.113920 0.000000
0.936436 954.556800 0.000000
0.952789 948.097920 0.000000
0.969197 949.557120 0.000000
0.985551 942.687360 0.000000
1.002047 955.301760 0.000000
1.018539 954.902400 0.000000
1.034898 963.521280 0.000000
1.051357 936.347520 0.000000
1.067855 935.569920 0.000000
1.084110 911.961600 0.000000
1.100606 964.621440 0.000000
1.117054 965.702400 0.000000
1.133391 972.679680 0.000000
1.149915 951.511680 0.000000
1.166432 951.047040 0.000000
1.182700 942.439680 0.000000
1.199254 996.222720 0.000000
1.215659 996.222720 0.000000
1.232084 935.182080 0.000000
1.248414 977.905920 0.000000
1.264851 978.078720 0.000000
1.281379 936.746880 0.000000
1.297704 964.222080 0.000000
1.314192 964.600320 0.000000
1.330688 918.614400 0.000000
1.347036 964.567680 0.000000
1.363599 964.254720 0.000000
1.379794 990.466560 0.000000
1.396357 972.775680 0.000000
1.412752 973.931520 0.000000
1.429216 998.263680 0.000000
1.445650 922.826880 0.000000
1.462121 920.860800 0.000000
1.478583 987.323520 0.000000
1.494862 943.777920 0.000000
1.511277 943.777920 0.000000
1.527707 925.624320 0.000000
1.544230 897.371520 0.000000
1.560689 897.371520 0.000000
1.922105 973.317120 0.000000
1.938469 1061.109120 0.000000
1.954929 1061.109120 0.000000
1.971373 1045.503360 0.000000
1.987747 972.128640 0.000000
2.004232 972.128640 0.000000
2.020665 1005.273600 0.000000
2.037109 1042.360320 0.000000
2.053558 1045.157760 0.000000
2.069911 1048.700160 0.000000
2.086407 971.297280 0.000000
2.102674 970.788480 0.000000
2.119290 1020.339840 0.000000
2.135708 1032.015360 0.000000
2.152039 1030.103040 0.000000
2.168558 1015.349760 0.000000
2.184869 998.319360 0.000000
2.201332 998.113920 0.000000
2.217836 1004.895360 0.000000
2.234175 979.127040 0.000000
2.250624 979.127040 0.000000
2.267166 1016.937600 0.000000
2.283403 1006.417920 0.000000
2.299953 1006.417920 0.000000
2.316383 1020.286080 0.000000
2.332758 979.192320 0.000000
2.349292 979.192320 0.000000
2.365656 934.512000 0.000000
2.381960 966.263040 0.000000
2.398541 967.365120 0.000000
2.414954 977.226240 0.000000
2.431290 919.996800 0.000000
2.447821 919.057920 0.000000
2.464266 901.820160 0.000000
2.480629 905.189760 0.000000
2.497061 907.144320 0.000000
2.513511 960.798720 0.000000
2.529932 950.496000 0.000000
2.546326 948.541440 0.000000
2.562807 960.000000 0.000000
2.579210 925.946880 0.000000
2.595641 926.801280 0.000000
2.612128 927.233280 0.000000
2.628426 975.736320 0.000000
2.644873 975.736320 0.000000
2.661388 947.915520 0.000000
2.677676 943.324800 0.000000
2.694227 941.898240 0.000000
2.710633 910.417920 0.000000
2.726982 926.929920 0.000000
2.743508 928.538880 0.000000
2.759876 920.353920 32.821200
2.776350 920.536320 0.000000
2.792789 919.704960 0.000000
2.809206 951.920640 0.000000
2.825660 972.495360 0.000000
2.842065 972.236160 0.000000
2.858441 911.195520 0.000000
2.874852 894.583680 0.000000
2.891356 895.816320 0.000000
2.907835 921.390720 0.000000
2.924219 911.735040 0.000000
2.940584 911.735040 0.000000
2.957014 943.896960 0.000000
2.973540 929.220480 0.000000
2.989978 928.961280 0.000000
3.006324 959.189760 0.000000
3.022730 938.712960 0.000000
3.039131 940.894080 27.583200
3.055678 960.128640 0.000000
3.072007 946.834560 0.000000
3.088487 946.262400 0.000000
3.104803 970.519680 0.000000
3.121361 951.792000 0.000000
3.137814 951.219840 0.000000
3.154246 917.642880 0.000000
3.170548 989.656320 0.000000
3.187066 989.614080 0.000000
3.203479 911.961600 0.000000
3.219970 991.979520 0.000000
3.236342 992.010240 0.000000
3.252759 1007.564160 0.000000
3.269221 1009.507200 0.000000
3.285670 1009.507200 0.000000
3.302086 951.198720 0.000000
3.318486 937.547520 0.000000
3.334925 937.547520 0.000000
3.351345 952.277760 0.000000
3.367753 947.602560 0.000000
3.384224 948.097920 0.000000
3.400628 870.835200 0.000000
3.417094 912.295680 0.000000
3.433456 912.554880 5.011200
3.449907 966.965760 74.444400
3.466371 920.807040 153.284400
3.482811 920.213760 103.399200
3.499174 929.349120 50.695200
3.515526 914.553600 0.000000
3.531940 912.814080 0.000000
3.548479 952.408320 0.000000
3.564883 997.994880 0.000000
3.581499 997.875840 0.000000
3.597789 927.966720 0.000000
3.614152 965.508480 0.000000
3.630540 965.097600 0.000000
3.647062 972.485760 0.000000
3.663414 921.379200 0.000000
3.679937 921.379200 0.000000
3.696385 931.196160 0.000000
3.712746 958.629120 0.000000
3.729137 960.583680 0.000000
3.745583 965.249280 0.000000
3.761971 959.579520 0.000000
3.778463 957.450240 0.000000
3.794919 944.653440 51.678000
3.811350 1013.395200 0.000000
3.827755 1014.518400 0.000000
3.844164 930.224640 67.348800
3.860677 1007.475840 0.000000
3.877064 1006.569600 0.000000
3.893481 950.129280 0.000000
3.909932 959.439360 0.000000
3.926329 963.208320 0.000000
3.942662 943.152000 0.000000
3.959228 955.539840 32.292000
3.975659 954.589440 0.000000
3.991970 917.437440 0.000000
4.008537 941.316480 0.000000
4.024918 940.106880 0.000000
4.041357 986.125440 0.000000
4.057769 947.406720 0.000000
4.074173 947.406720 0.000000
4.090618 981.978240 0.000000
4.107025 988.750080 0.000000
4.123520 988.803840 0.000000
4.139917 911.303040 0.000000
4.156281 905.493120 0.000000
4.172726 904.876800 0.000000
4.189187 940.506240 0.000000
4.205634 884.400000 0.000000
4.221994 885.567360 0.000000
4.238513 929.274240 98.031600
4.254914 952.471680 51.008400
4.271329 953.335680 107.568000
4.287716 931.964160 125.139600
4.304134 948.142080 145.173600
4.320702 948.142080 145.173600
4.337086 986.837760 73.688400
4.353405 933.626880 115.884000
4.369917 932.426880 37.994400
4.386275 956.597760 0.000000
4.402788 908.484480 0.000000
4.419214 906.410880 0.000000
4.435631 933.809280 0.000000
4.452095 902.501760 0.000000
4.468486 903.688320 0.000000
4.484906 977.777280 0.000000
4.501327 957.828480 54.777600
4.517758 958.811520 118.929600
4.534164 977.831040 65.361600
4.550469 960.852480 58.644000
4.567064 961.998720 42.271200
4.583472 957.970560 56.484000
4.599891 943.929600 69.163200
4.616461 942.568320 56.311200
4.632838 963.045120 174.182400
4.649177 983.166720 107.125200
4.665685 984.376320 57.682800
4.682040 948.476160 0.000000
4.698514 949.146240 0.000000
4.714996 947.331840 0.000000
4.731312 972.236160 0.000000
4.747647 948.551040 0.000000
4.764093 951.058560 0.000000
4.780527 950.106240 0.000000
4.796983 952.569600 78.840000
4.813556 952.677120 85.104000
4.829862 938.766720 60.274800
4.846307 919.726080 39.841200
4.862725 919.090560 54.432000
4.879175 924.673920 43.200000
4.895575 928.517760 157.982400
4.911981 928.344960 151.772400
4.928322 984.764160 45.025200
4.944902 968.154240 102.189600
4.961318 967.463040 41.493600
4.977653 996.612480 0.000000
4.994211 944.793600 0.000000
5.010625 945.419520 0.000000
5.026950 921.519360 45.867600
5.043530 933.939840 32.248800
5.059849 936.055680 79.736400
5.076460 929.846400 134.762400
5.092838 991.968000 69.152400
5.109201 990.779520 56.602800
5.125637 941.358720 1.652400
5.142062 984.785280 62.056800
5.158416 985.779840 11.178000
