0.000000 3.795000
0.016412 3.795553
0.032758 3.796074
0.049130 3.796533
0.065628 3.796900
0.082100 3.797145
0.098503 3.797239
0.115014 3.797155
0.131245 3.796866
0.147667 3.796348
0.164266 3.795579
0.180695 3.794536
0.197067 3.793202
0.213576 3.791561
0.229922 3.789597
0.246349 3.787299
0.262858 3.784659
0.279250 3.781668
0.295755 3.778324
0.312000 3.774625
0.328474 3.770572
0.344940 3.766170
0.361287 3.761424
0.377875 3.756344
0.394210 3.750940
0.410661 3.745227
0.427110 3.739221
0.443537 3.732939
0.459901 3.726400
0.476437 3.719625
0.492755 3.712638
0.509103 3.705461
0.525573 3.698119
0.542084 3.690639
0.558522 3.683047
0.575025 3.675369
0.591378 3.667632
0.607811 3.659865
0.624209 3.652094
0.640608 3.644347
0.657103 3.636651
0.673562 3.629033
0.689966 3.621518
0.706431 3.614132
0.722834 3.606900
0.739233 3.599845
0.755661 3.592990
0.772009 3.586357
0.788560 3.579966
0.804959 3.573835
0.821376 3.567984
0.837821 3.562427
0.854248 3.557181
0.870631 3.552258
0.887127 3.547671
0.903518 3.543429
0.919968 3.539541
0.936436 3.536015
0.952789 3.532857
0.969197 3.530069
0.985551 3.527656
1.002047 3.525617
1.018539 3.523953
1.034898 3.522662
1.051357 3.521741
1.067855 3.521185
1.084110 3.520988
1.100606 3.521143
1.117054 3.521642
1.133391 3.522476
1.149915 3.523634
1.166432 3.525105
1.182700 3.526877
1.199254 3.528936
1.215659 3.531270
1.232084 3.533863
1.248414 3.536702
1.264851 3.539769
1.281379 3.543050
1.297704 3.546527
1.314192 3.550185
1.330688 3.554005
1.347036 3.557972
1.363599 3.562066
1.379794 3.566271
1.396357 3.570569
1.412752 3.574942
1.429216 3.579373
1.445650 3.583843
1.462121 3.588335
1.478583 3.592831
1.494862 3.597315
1.511277 3.601768
1.527707 3.606175
1.544230 3.610518
1.560689 3.614782
1.922105 3.618950
1.938469 3.623008
1.954929 3.626940
1.971373 3.630733
1.987747 3.634374
2.004232 3.637849
2.020665 3.641147
2.037109 3.644258
2.053558 3.647171
2.069911 3.649879
2.086407 3.652373
2.102674 3.654648
2.119290 3.656698
2.135708 3.658519
2.152039 3.660107
2.168558 3.661462
2.184869 3.662583
2.201332 3.663470
2.217836 3.664125
2.234175 3.664550
2.250624 3.664749
2.267166 3.664728
2.283403 3.664491
2.299953 3.664045
2.316383 3.663398
2.332758 3.662557
2.349292 3.661531
2.365656 3.660330
2.381960 3.658962
2.398541 3.657439
2.414954 3.655770
2.431290 3.653967
2.447821 3.652039
2.464266 3.649999
2.480629 3.647856
2.497061 3.645621
2.513511 3.643306
2.529932 3.640920
2.546326 3.638474
2.562807 3.635979
2.579210 3.633444
2.595641 3.630879
2.612128 3.628293
2.628426 3.625695
2.644873 3.623094
2.661388 3.620499
2.677676 3.617917
2.694227 3.615356
2.710633 3.612824
2.726982 3.610328
2.743508 3.607874
2.759876 3.605470
2.776350 3.603120
2.792789 3.600832
2.809206 3.598610
2.825660 3.596460
2.842065 3.594386
2.858441 3.592394
2.874852 3.590486
2.891356 3.588668
2.907835 3.586942
2.924219 3.585312
2.940584 3.583780
2.957014 3.582349
2.973540 3.581021
2.989978 3.579799
3.006324 3.578682
3.022730 3.577672
3.039131 3.576771
3.055678 3.575977
3.072007 3.575292
3.088487 3.574714
3.104803 3.574242
3.121361 3.573875
3.137814 3.573611
3.154246 3.573449
3.170548 3.573385
3.187066 3.573416
3.203479 3.573541
3.219970 3.573753
3.236342 3.574052
3.252759 3.574431
3.269221 3.574887
3.285670 3.575415
3.302086 3.576011
3.318486 3.576670
3.334925 3.577387
3.351345 3.578157
3.367753 3.578974
3.384224 3.579834
3.400628 3.580732
3.417094 3.581663
3.433456 3.582621
3.449907 3.583603
3.466371 3.584602
3.482811 3.585615
3.499174 3.586638
3.515526 3.587667
3.531940 3.588697
3.548479 3.589725
3.564883 3.590748
3.581499 3.591762
3.597789 3.592766
3.614152 3.593756
3.630540 3.594730
3.647062 3.595686
3.663414 3.596624
3.679937 3.597540
3.696385 3.598434
3.712746 3.599306
3.729137 3.600154
3.745583 3.600979
3.761971 3.601780
3.778463 3.602556
3.794919 3.603309
3.811350 3.604038
3.827755 3.604743
3.844164 3.605425
3.860677 3.606085
3.877064 3.606722
3.893481 3.607338
3.909932 3.607933
3.926329 3.608507
3.942662 3.609062
3.959228 3.609596
3.975659 3.610111
3.991970 3.610608
4.008537 3.611086
4.024918 3.611545
4.041357 3.611987
4.057769 3.612412
4.074173 3.612819
4.090618 3.613209
4.107025 3.613583
4.123520 3.613940
4.139917 3.614281
4.156281 3.614607
4.172726 3.614918
4.189187 3.615215
4.205634 3.615497
4.221994 3.615767
4.238513 3.616023
4.254914 3.616268
4.271329 3.616502
4.287716 3.616725
4.304134 3.616940
4.320702 3.617145
4.337086 3.617344
4.353405 3.617536
4.369917 3.617723
4.386275 3.617905
4.402788 3.618084
4.419214 3.618261
4.435631 3.618437
4.452095 3.618612
4.468486 3.618789
4.484906 3.618967
4.501327 3.619149
4.517758 3.619335
4.534164 3.619526
4.550469 3.619723
4.567064 3.619927
4.583472 3.620139
4.599891 3.620359
4.616461 3.620590
4.632838 3.620830
4.649177 3.621081
4.665685 3.621344
4.682040 3.621619
4.698514 3.621907
4.714996 3.622207
4.731312 3.622521
4.747647 3.622849
4.764093 3.623190
4.780527 3.623545
4.796983 3.623914
4.813556 3.624298
4.829862 3.624695
4.846307 3.625106
4.862725 3.625531
4.879175 3.625970
4.895575 3.626421
4.911981 3.626886
4.928322 3.627363
4.944902 3.627853
4.961318 3.628354
4.977653 3.628866
4.994211 3.629388
5.010625 3.629920
5.026950 3.630460
5.043530 3.631009
5.059849 3.631565
5.076460 3.632126
5.092838 3.632694
5.109201 3.633265
5.125637 3.633839
5.142062 3.634416
5.158416 3.634994
