0.000000 3.715000
0.016258 3.702374
0.032747 3.689755
0.049136 3.677147
0.065580 3.664557
0.082067 3.651992
0.098483 3.639457
0.114835 3.626960
0.131277 3.614508
0.147816 3.602109
0.164073 3.589770
0.180622 3.577500
0.197120 3.565308
0.213443 3.553205
0.229909 3.541199
0.246293 3.529301
0.262799 3.517523
0.279124 3.505875
0.295624 3.494369
0.312124 3.483018
0.328401 3.471833
0.344998 3.460827
0.361289 3.450013
0.377817 3.439403
0.394220 3.429010
0.410692 3.418846
0.427123 3.408923
0.443441 3.399253
0.459997 3.389848
0.476336 3.380718
0.492775 3.371874
0.509193 3.363326
0.525565 3.355083
0.542008 3.347153
0.558476 3.339543
0.574919 3.332261
0.591259 3.325312
0.607748 3.318702
0.624194 3.312434
0.640669 3.306513
0.656997 3.300940
0.673398 3.295717
0.689896 3.290846
0.706351 3.286328
0.722696 3.282160
0.739121 3.278344
0.755642 3.274876
0.771966 3.271755
0.788547 3.268977
0.804956 3.266539
0.821224 3.264438
0.837788 3.262667
0.854193 3.261221
0.870508 3.260096
0.887016 3.259284
0.903482 3.258778
0.919851 3.258572
0.936275 3.258656
0.952691 3.259024
0.969158 3.259667
0.985564 3.260575
1.001937 3.261741
1.018499 3.263153
1.034915 3.264803
1.051265 3.266681
1.067759 3.268776
1.084190 3.271079
1.100590 3.273579
1.117047 3.276265
1.133486 3.279127
1.149883 3.282154
1.166316 3.285335
1.182700 3.288659
1.199216 3.292117
1.215603 3.295697
1.232017 3.299389
1.248497 3.303183
1.264985 3.307069
1.281290 3.311037
1.297715 3.315078
1.314217 3.319181
1.330549 3.323339
1.347004 3.327542
1.363477 3.331781
1.379881 3.336049
1.396351 3.340337
1.412692 3.344637
1.429190 3.348942
1.445601 3.353244
1.461946 3.357536
1.478422 3.361811
1.494831 3.366062
1.511362 3.370282
1.527874 3.374465
1.544193 3.378606
1.560650 3.382697
1.577065 3.386734
1.593527 3.390711
1.609875 3.394623
1.626367 3.398466
1.642719 3.402234
1.659161 3.405924
1.675672 3.409531
1.692078 3.413052
1.708464 3.416483
1.724992 3.419822
1.741312 3.423066
1.757734 3.426211
1.774074 3.429257
1.790604 3.432200
1.806959 3.435040
1.823478 3.437776
1.839920 3.440405
1.856292 3.442929
1.872796 3.445347
1.889116 3.447658
1.905688 3.449862
1.922092 3.451962
1.938321 3.453957
1.954908 3.455849
1.971258 3.457638
1.987767 3.459328
2.004230 3.460919
2.020575 3.462414
2.037092 3.463816
2.053392 3.465127
2.069962 3.466350
2.086279 3.467487
2.102690 3.468543
2.119172 3.469521
2.135671 3.470423
2.152084 3.471254
2.168412 3.472017
2.184901 3.472715
2.201340 3.473352
2.217757 3.473932
2.234246 3.474458
2.250581 3.474934
2.267020 3.475363
2.283442 3.475749
2.299785 3.476095
2.316361 3.476404
2.332763 3.476679
2.349235 3.476925
2.365534 3.477142
2.381986 3.477336
2.398488 3.477508
2.414753 3.477660
2.431339 3.477797
2.447779 3.477919
2.464195 3.478029
2.480624 3.478130
2.497071 3.478224
2.513446 3.478312
2.529824 3.478397
2.546270 3.478481
2.562730 3.478565
2.579096 3.478652
2.595630 3.478743
2.612125 3.478841
2.628420 3.478945
2.644775 3.479059
2.661358 3.479185
2.677692 3.479322
2.694192 3.479475
2.710662 3.479644
2.727090 3.479830
2.743542 3.480037
2.759953 3.480266
2.776273 3.480518
2.792695 3.480797
2.809250 3.481103
2.825648 3.481440
2.842066 3.481809
2.858322 3.482213
2.874822 3.482653
2.891351 3.483131
2.907759 3.483649
2.924034 3.484210
2.940679 3.484814
2.956969 3.485462
2.973417 3.486157
2.989819 3.486899
3.006320 3.487688
3.022772 3.488524
3.039080 3.489408
3.055512 3.490339
3.072022 3.491316
3.088527 3.492337
3.104824 3.493402
3.121319 3.494508
3.137719 3.495653
3.154241 3.496835
3.170583 3.498050
3.187088 3.499294
3.203445 3.500565
3.219890 3.501859
3.236358 3.503172
3.252787 3.504499
3.269193 3.505836
3.285618 3.507179
3.302009 3.508523
3.318453 3.509864
3.334913 3.511197
3.351239 3.512517
3.367755 3.513820
3.384063 3.515101
3.400588 3.516355
3.417068 3.517580
3.433377 3.518770
3.449901 3.519921
3.466305 3.521031
3.482790 3.522096
3.499171 3.523113
3.515569 3.524080
3.532036 3.524994
3.548412 3.525855
3.564886 3.526660
3.581263 3.527409
3.597702 3.528102
3.614195 3.528738
3.630609 3.529318
3.647072 3.529842
3.663527 3.530312
3.679944 3.530729
3.696355 3.531094
3.712751 3.531411
3.729212 3.531680
3.745575 3.531905
3.762049 3.532089
3.778501 3.532235
3.794948 3.532346
3.811251 3.532425
3.827633 3.532476
3.844114 3.532503
3.860605 3.532509
3.876993 3.532499
3.893409 3.532476
3.909900 3.532445
3.926376 3.532410
3.942695 3.532374
3.959180 3.532341
3.975546 3.532316
3.992062 3.532302
4.008445 3.532302
4.024916 3.532321
4.041354 3.532360
4.057737 3.532423
4.074175 3.532513
4.090619 3.532631
4.107093 3.532779
4.123494 3.532959
4.139892 3.533172
4.156375 3.533417
4.172654 3.533696
4.188970 3.534008
4.205648 3.534350
4.222046 3.534723
4.238427 3.535125
4.254904 3.535552
4.271341 3.536002
4.287611 3.536471
4.304182 3.536956
4.320668 3.537452
4.337082 3.537955
4.353304 3.538460
4.369881 3.538961
4.386244 3.539453
4.402750 3.539930
4.419070 3.540386
4.435624 3.540813
4.452046 3.541207
4.468419 3.541560
4.484899 3.541864
4.501321 3.542115
4.517735 3.542305
4.534215 3.542427
4.550560 3.542476
4.567018 3.542445
4.583426 3.542328
4.599876 3.542120
4.616330 3.541815
4.632772 3.541409
4.649179 3.540897
4.665576 3.540276
4.682071 3.539541
4.698476 3.538691
4.714864 3.537722
4.731276 3.536632
4.747694 3.535422
4.764131 3.534089
4.780604 3.532635
4.796952 3.531059
4.813473 3.529365
4.829782 3.527554
4.846307 3.525630
4.862686 3.523595
4.879106 3.521455
4.895618 3.519215
4.911909 3.516880
4.928343 3.514458
4.944878 3.511954
4.961301 3.509376
4.977788 3.506734
4.994224 3.504034
5.010603 3.501286
5.027034 3.498499
5.043512 3.495683
5.059901 3.492847
5.076324 3.490002
