0.000000 3.585001
0.016607 3.582883
0.032947 3.580748
0.049459 3.578578
0.065851 3.576358
0.082291 3.574069
0.098680 3.571698
0.115167 3.569228
0.131656 3.566646
0.147977 3.563939
0.164369 3.561094
0.180894 3.558100
0.197293 3.554949
0.213728 3.551632
0.230224 3.548142
0.246501 3.544476
0.263035 3.540628
0.279479 3.536599
0.295866 3.532388
0.312278 3.527996
0.328712 3.523429
0.345149 3.518692
0.361560 3.513791
0.377913 3.508737
0.394321 3.503539
0.410910 3.498212
0.427238 3.492768
0.443761 3.487223
0.460179 3.481595
0.476412 3.475901
0.493029 3.470161
0.509354 3.464395
0.525883 3.458625
0.542227 3.452873
0.558651 3.447160
0.575182 3.441512
0.591581 3.435949
0.608010 3.430497
0.624395 3.425178
0.640924 3.420015
0.657311 3.415032
0.673648 3.410250
0.690105 3.405691
0.706572 3.401375
0.722972 3.397323
0.739357 3.393552
0.755880 3.390081
0.772282 3.386924
0.788721 3.384098
0.805183 3.381615
0.821511 3.379488
0.838031 3.377726
0.854302 3.376338
0.870858 3.375331
0.887171 3.374712
0.903776 3.374484
0.920227 3.374648
0.936504 3.375207
0.952911 3.376158
0.969411 3.377500
0.985925 3.379228
1.002183 3.381336
1.018741 3.383818
1.035207 3.386666
1.051569 3.389869
1.067955 3.393417
1.084399 3.397299
1.100815 3.401501
1.117330 3.406009
1.133692 3.410809
1.150146 3.415886
1.166600 3.421223
1.183013 3.426804
1.199338 3.432613
1.215862 3.438633
1.232317 3.444845
1.248667 3.451233
1.265208 3.457779
1.281527 3.464465
1.297955 3.471274
1.314412 3.478188
1.330864 3.485190
1.347230 3.492262
1.363635 3.499388
1.380181 3.506549
1.396574 3.513729
1.413007 3.520912
1.429461 3.528081
1.445897 3.535220
1.462269 3.542313
1.478786 3.549345
1.495127 3.556301
1.511535 3.563165
1.527980 3.569924
1.544297 3.576564
1.560832 3.583070
1.577295 3.589431
1.593685 3.595632
1.610147 3.601663
1.626611 3.607511
1.642995 3.613166
1.659477 3.618616
1.675832 3.623851
2.037260 3.628862
2.053684 3.633641
2.070159 3.638180
2.086559 3.642472
2.102904 3.646510
2.119392 3.650289
2.135885 3.653806
2.152304 3.657056
2.168797 3.660039
2.185063 3.662752
2.201599 3.665196
2.218014 3.667373
2.234409 3.669284
2.250876 3.670932
2.267308 3.672324
2.283728 3.673465
2.300152 3.674360
2.316479 3.675019
2.333068 3.675451
2.349387 3.675664
2.365810 3.675670
2.382288 3.675480
2.398703 3.675106
2.415196 3.674560
2.431617 3.673856
2.448010 3.673007
2.464411 3.672026
2.480809 3.670927
2.497282 3.669724
2.513708 3.668431
2.530140 3.667061
2.546559 3.665627
2.562895 3.664144
2.579431 3.662623
2.595815 3.661077
2.612191 3.659518
2.628723 3.657957
2.645158 3.656405
2.661577 3.654871
2.678014 3.653365
2.694433 3.651895
2.710899 3.650469
2.727295 3.649095
2.743673 3.647777
2.760218 3.646522
2.776503 3.645334
2.793021 3.644218
2.809283 3.643175
2.825850 3.642208
2.842153 3.641320
2.858740 3.640509
2.875016 3.639776
2.891621 3.639120
2.908112 3.638539
2.924323 3.638031
2.940797 3.637592
2.957263 3.637219
2.973661 3.636907
2.990147 3.636652
3.006528 3.636447
3.023029 3.636287
3.039450 3.636165
3.055869 3.636075
3.072211 3.636010
3.088706 3.635962
3.105196 3.635925
3.121522 3.635891
3.137995 3.635853
3.154444 3.635804
3.170775 3.635736
3.187253 3.635643
3.203781 3.635519
3.220207 3.635355
3.236425 3.635148
3.252981 3.634890
3.269400 3.634577
3.285808 3.634204
3.302270 3.633766
3.318729 3.633259
3.335206 3.632680
3.351533 3.632027
3.367888 3.631296
3.384469 3.630486
3.400847 3.629595
3.417189 3.628623
3.433743 3.627570
3.449946 3.626435
3.466536 3.625219
3.482964 3.623924
3.499341 3.622552
3.515770 3.621103
3.532197 3.619582
3.548597 3.617991
3.565130 3.616333
3.581603 3.614611
3.597910 3.612831
3.614323 3.610996
3.630838 3.609111
3.647311 3.607182
3.663757 3.605212
3.680151 3.603208
3.696488 3.601175
3.712958 3.599120
3.729428 3.597047
3.745733 3.594963
3.762302 3.592874
3.778785 3.590787
3.795158 3.588707
3.811509 3.586640
3.828030 3.584594
3.844377 3.582573
3.860874 3.580584
3.877234 3.578632
3.893671 3.576724
3.910097 3.574864
3.926588 3.573058
3.942980 3.571311
3.959425 3.569628
3.975947 3.568012
3.992312 3.566469
4.008673 3.565001
4.025052 3.563613
4.041562 3.562307
4.057939 3.561088
4.074311 3.559956
4.090826 3.558914
4.107252 3.557965
4.123522 3.557110
4.140141 3.556350
4.156569 3.555687
4.172932 3.555121
4.189409 3.554654
4.205865 3.554286
4.222307 3.554017
4.238686 3.553848
4.255154 3.553779
4.271427 3.553810
4.287961 3.553940
4.304359 3.554169
4.320759 3.554498
4.337292 3.554925
4.353663 3.555450
4.370062 3.556073
4.386482 3.556794
4.402982 3.557611
4.419435 3.558524
4.435811 3.559533
4.452206 3.560638
4.468704 3.561836
4.485144 3.563129
4.501472 3.564515
4.517954 3.565993
4.534405 3.567564
4.550913 3.569225
4.567239 3.570977
4.583736 3.572819
4.600107 3.574749
4.616476 3.576766
4.632979 3.578870
4.649425 3.581059
4.665867 3.583331
4.682285 3.585686
4.698710 3.588121
4.715113 3.590635
4.731536 3.593226
4.747938 3.595892
4.764434 3.598630
4.780738 3.601439
4.797233 3.604315
4.813663 3.607256
4.830141 3.610259
4.846452 3.613322
4.862963 3.616441
4.879469 3.619614
4.895835 3.622837
4.912207 3.626106
4.928627 3.629420
4.945103 3.632773
4.961527 3.636164
4.977991 3.639589
4.994310 3.643044
5.010807 3.646527
5.027275 3.650033
5.043684 3.653561
5.059977 3.657106
5.076548 3.660666
5.092925 3.664238
5.109232 3.667819
5.125882 3.671406
5.142267 3.674995
