0.000000 1009.117440 0.000000
0.016399 1005.154560 0.000000
0.032943 1005.920640 0.000000
0.049275 1007.562240 0.000000
0.065729 1011.202560 0.000000
0.082144 1010.436480 0.000000
0.098572 985.726080 0.000000
0.115076 1005.457920 0.000000
0.131441 1005.262080 0.000000
0.147852 966.178560 0.000000
0.164200 978.501120 0.000000
0.180686 979.148160 0.000000
0.197217 991.589760 0.000000
0.213590 982.821120 0.000000
0.229890 982.788480 0.000000
0.246257 986.146560 0.000000
0.262845 994.679040 0.000000
0.279246 994.592640 0.000000
0.295693 997.226880 0.000000
0.312134 975.573120 0.000000
0.328589 975.573120 0.000000
0.344997 956.672640 0.000000
0.361483 986.319360 0.000000
0.377801 986.352000 0.000000
0.394271 951.845760 0.000000
0.410676 1011.333120 0.000000
0.427110 1011.083520 0.000000
0.443613 983.727360 0.000000
0.460040 1007.293440 0.000000
0.476466 1007.109120 0.000000
0.492819 874.970880 58.330800
0.722873 603.847680 621.280800
0.739291 256.197120 1080.000000
0.755738 265.582080 988.664400
0.772087 255.235200 971.157600
0.788568 225.805440 1027.587600
0.804970 303.997440 1080.000000
0.821439 305.228160 1080.000000
0.837845 708.057600 945.993600
0.854164 827.376000 1080.000000
0.870709 826.663680 1080.000000
0.887102 975.012480 1033.441200
0.903592 978.695040 1017.910800
0.920053 978.695040 1017.910800
0.936369 980.789760 986.785200
0.952879 988.264320 1032.663600
0.969280 988.264320 1032.663600
0.985610 970.788480 1018.407600
1.002197 986.772480 1020.060000
1.018604 994.905600 1026.432000
1.034989 1649.331840 972.356400
1.051339 1622.330880 1057.784400
1.067806 1622.330880 1057.784400
1.084301 1694.173440 920.743200
1.100793 1708.742400 934.869600
1.117042 1708.742400 934.869600
1.133506 1681.979520 974.926800
1.149895 1719.002880 944.956800
1.166304 1707.824640 962.517600
1.182761 1683.415680 1005.220800
1.199183 1668.318720 1063.249200
1.215735 1654.548480 1080.000000
1.232021 1632.883200 1065.420000
1.248518 1666.600320 1043.701200
1.264955 1678.091520 1026.064800
1.281325 1687.067520 985.521600
1.297825 1730.893440 956.491200
1.314175 1740.451200 937.915200
1.330648 1696.041600 949.816800
1.347086 1706.010240 984.085200
1.363647 1703.483520 990.630000
1.379927 1688.081280 1080.000000
1.396483 1661.114880 1016.582400
1.412802 1656.783360 1021.204800
1.429271 1366.727040 1062.968400
1.445715 1370.983680 1080.000000
1.462156 1371.782400 1080.000000
1.478556 977.354880 1080.000000
1.495010 1025.134080 1076.014800
1.511365 1025.134080 1076.014800
1.527816 1019.508480 1075.636800
1.544292 1031.009280 1080.000000
1.560655 1035.114240 1080.000000
1.577167 1034.423040 1080.000000
1.593650 317.767680 1080.000000
1.610022 308.069760 1080.000000
1.626402 268.529280 1040.882400
1.642778 312.453120 1026.658800
1.659318 290.929920 993.146400
1.675691 817.192320 175.878000
1.692076 1027.457280 0.000000
1.708664 1027.457280 0.000000
1.724966 1017.607680 0.000000
1.741369 1058.841600 39.009600
1.757861 1058.096640 63.374400
1.774220 1039.985280 43.945200
1.790670 1053.678720 40.089600
1.807030 1053.678720 40.089600
1.823550 1053.204480 49.442400
1.839903 1017.283200 41.871600
1.856404 1018.460160 28.965600
1.872888 1045.547520 5.896800
1.889294 1022.705280 0.000000
1.905715 1022.305920 0.000000
1.922114 1541.784960 533.055600
1.938567 1718.344320 943.185600
1.954989 1710.351360 957.171600
1.971443 1698.362880 1008.298800
1.987799 1702.974720 1026.108000
2.004359 1693.925760 1043.809200
2.020672 1714.087680 1080.000000
2.037165 1682.714880 1080.000000
2.053545 1678.967040 1080.000000
2.070000 1682.229120 1080.000000
2.086443 1647.258240 1080.000000
2.102827 1645.735680 1080.000000
2.119274 1698.288000 1035.385200
2.135655 1721.788800 963.068400
2.151970 1723.895040 956.620800
2.168489 1698.600960 991.472400
2.184920 1705.038720 1008.687600
2.201477 1708.212480 1009.238400
2.217970 1714.498560 1040.245200
2.234393 1729.954560 1015.146000
2.250634 1739.608320 996.181200
2.267088 1719.411840 947.408400
2.283529 1719.262080 975.283200
2.300068 1710.923520 989.344800
2.316543 1680.748800 955.400400
2.332869 1718.645760 925.354800
2.349278 1718.645760 925.354800
2.365757 1724.305920 984.960000
2.382114 1718.678400 1046.682000
2.398551 1726.907520 1033.786800
2.414920 1758.476160 1011.754800
2.431371 1744.857600 1000.252800
2.447882 1744.857600 1000.252800
2.464241 1760.204160 961.632000
2.480658 1728.161280 990.986400
2.497088 1719.962880 1004.572800
2.513489 1715.892480 1080.000000
2.529942 1730.515200 1080.000000
2.546475 1730.515200 1080.000000
2.562772 1713.914880 976.460400
2.579200 1699.822080 1008.061200
2.595657 1699.822080 1008.061200
2.612008 1696.053120 969.764400
2.628615 1679.205120 1044.586800
2.644950 1692.627840 1025.654400
2.661463 1707.780480 904.100400
2.677895 1753.368960 998.913600
2.694295 1769.665920 973.090800
2.710711 1803.826560 917.892000
2.727171 1749.198720 968.457600
2.743467 1735.829760 987.238800
2.759970 1732.156800 902.955600
2.776383 1739.015040 960.832800
2.792772 1710.881280 1005.350400
2.809297 1734.165120 1080.000000
2.825669 1728.441600 1078.596000
2.842113 1725.882240 1080.000000
2.858520 1715.719680 1080.000000
2.874996 1698.871680 1036.335600
2.891319 1708.039680 1018.569600
2.907815 1729.057920 992.077200
2.924271 1730.807040 988.524000
2.940673 1716.247680 1012.392000
2.957098 1700.102400 1034.532000
2.973468 1687.822080 1015.675200
2.989907 1692.650880 1010.016000
3.006424 1700.513280 931.672800
3.022781 1732.642560 1041.476400
3.039221 1747.178880 1018.764000
3.055708 1729.153920 999.475200
3.072092 1744.285440 972.453600
3.088548 1739.402880 977.886000
3.105044 1708.072320 1014.832800
3.121491 1709.758080 1001.624400
3.137895 1700.350080 1019.790000
3.154179 1645.681920 1040.148000
3.170794 1672.293120 1070.550000
3.187193 1679.235840 1059.156000
3.203507 1680.576000 963.468000
3.220038 1679.408640 994.928400
3.236346 1685.921280 983.458800
3.252794 1717.966080 1042.016400
3.269159 1672.302720 1043.474400
3.285673 1672.302720 1043.474400
3.302082 1664.592000 870.868800
3.318711 1698.395520 950.130000
3.334941 1703.742720 942.969600
3.351379 1721.550720 900.342000
3.367754 1717.835520 920.538000
3.384346 1720.632960 912.200400
3.400619 1726.659840 984.916800
3.416981 1730.590080 1014.422400
3.433504 1722.101760 1027.987200
3.449909 1706.981760 1051.671600
3.466323 1742.330880 957.031200
3.482766 1748.075520 950.086800
3.499199 1712.759040 997.639200
3.515777 1726.961280 947.754000
3.532112 1735.213440 933.498000
3.548536 1753.649280 933.897600
3.564919 1762.968960 977.551200
3.581396 1762.968960 977.551200
3.597859 1785.173760 884.919600
3.614204 1755.442560 921.294000
3.630575 1755.442560 921.294000
3.647063 1744.955520 934.599600
3.663522 1762.536960 947.970000
3.679917 1750.139520 965.941200
3.696363 1760.582400 908.506800
3.712778 1707.586560 943.336800
3.729340 1707.327360 943.822800
3.745693 1730.547840 967.561200
3.762049 1761.976320 880.945200
3.778497 1757.320320 886.809600
3.794919 1715.362560 912.319200
3.811359 1696.560000 1025.179200
3.827914 1691.721600 1039.338000
3.844220 1700.868480 1001.538000
3.860611 1736.044800 933.660000
3.877072 1758.541440 894.218400
3.893591 1710.503040 872.272800
3.909918 1723.322880 958.780800
3.926513 1721.312640 957.052800
3.942796 1702.122240 906.454800
3.959216 1757.731200 949.006800
3.975673 1752.147840 962.809200
3.992140 1685.890560 988.653600
4.008428 1733.614080 933.044400
4.024908 1730.202240 931.467600
4.041432 1746.120960 953.013600
4.057818 1718.657280 956.394000
4.074294 1713.223680 971.298000
4.090620 1707.899520 982.368000
4.107046 1731.411840 965.368800
4.123458 1734.349440 956.588400
4.139891 1748.745600 1009.465200
4.156420 1689.713280 1021.086000
4.172805 1681.428480 1034.931600
4.189235 1705.319040 994.431600
4.205630 1732.318080 1055.127600
4.222028 1734.510720 1049.209200
4.238583 1680.954240 1029.920400
4.254898 1689.701760 981.817200
4.271487 1682.736000 994.010400
4.287781 1660.369920 1062.709200
4.304294 1707.661440 1080.000000
4.320648 1705.393920 1080.000000
4.337144 1657.203840 1080.000000
4.353522 1676.568960 1017.770400
4.369972 1676.795520 1017.370800
4.386315 1707.175680 1069.254000
4.402775 1676.428800 1033.322400
4.419247 1671.720960 1039.284000
4.435622 1666.546560 991.645200
4.452091 1636.565760 1052.157600
4.468440 1634.352000 1058.216400
4.484938 1664.398080 1080.000000
4.501465 1687.800960 1076.662800
4.517827 1707.360000 1047.524400
4.534337 1719.899520 994.485600
4.550741 1702.974720 1010.372400
4.567190 1705.589760 1003.222800
4.583522 1698.622080 1005.210000
4.599911 1684.625280 1027.360800
4.616495 1676.428800 1041.174000
4.632801 1705.393920 1006.387200
4.649340 1707.889920 931.878000
4.665660 1720.189440 912.729600
4.682004 1761.532800 882.694800
4.698611 1734.069120 847.432800
4.714920 1736.703360 838.447200
4.731249 1739.393280 866.872800
4.747961 1727.243520 925.527600
4.764189 1724.532480 933.487200
4.780750 1744.350720 911.131200
4.797119 1727.902080 908.733600
4.813505 1729.499520 905.882400
4.829882 1716.000000 848.070000
4.846415 1714.078080 936.392400
4.862766 1704.088320 948.294000
4.879134 1706.830080 1065.225600
4.895682 1686.775680 1037.437200
4.912027 1691.128320 1033.106400
4.928593 1716.625920 998.287200
4.945059 1714.412160 950.346000
4.961465 1721.258880 938.368800
