0.000000 1717.943040 1020.643200
0.016452 1679.873280 1012.618800
0.032822 1724.002560 1032.987600
0.049202 1723.764480 1033.365600
0.065632 1673.199360 1080.000000
0.082131 1714.402560 1080.000000
0.098587 1712.058240 1080.000000
0.114958 1694.346240 1048.863600
0.131325 1672.993920 1074.351600
0.147726 1685.435520 1056.682800
0.164158 1718.862720 1023.105600
0.180627 1707.672960 966.243600
0.197083 1716.938880 947.030400
0.213854 1700.004480 1052.611200
0.230036 1714.055040 999.442800
0.246390 1699.086720 1024.358400
0.262952 1735.752960 1060.711200
0.279199 1669.376640 1066.370400
0.295814 1669.376640 1066.370400
0.311916 1554.766080 771.195600
0.328621 1370.734080 454.971600
0.344867 1381.879680 407.851200
0.361416 1032.272640 0.000000
0.377796 1064.835840 0.000000
0.394278 1064.327040 0.000000
0.410843 1056.821760 0.000000
0.427101 1066.001280 0.000000
0.443536 1064.296320 0.000000
0.460078 1058.647680 0.864000
0.476388 1069.447680 0.302400
0.492706 1069.447680 0.302400
0.509225 1058.701440 0.000000
0.525607 1027.585920 28.371600
0.542015 1028.503680 36.342000
0.558625 971.848320 0.000000
0.575043 946.942080 0.000000
0.591505 945.711360 0.000000
0.607897 937.136640 0.000000
0.624381 966.458880 0.000000
0.640823 966.349440 0.000000
0.657201 996.028800 0.000000
0.673645 972.808320 0.000000
0.689945 972.808320 0.000000
0.706386 956.436480 0.000000
0.722800 761.214720 28.501200
0.936475 544.028160 355.471200
0.952785 297.214080 965.768400
0.969167 293.379840 960.908400
0.985750 300.011520 971.632800
1.002148 275.377920 1007.748000
1.018597 286.154880 964.807200
1.034985 293.089920 975.888000
1.051429 260.311680 1006.430400
1.067891 245.688960 1054.998000
1.084268 238.256640 1044.792000
1.100720 264.641280 1006.236000
1.117099 235.827840 1034.240400
1.133524 235.827840 1034.240400
1.150058 222.435840 1018.882800
1.166370 240.017280 1043.420400
1.182854 247.447680 1053.648000
1.199360 236.972160 1080.000000
1.215726 225.060480 1049.187600
1.232124 217.413120 1038.938400
1.429165 542.753280 701.794800
1.445635 1757.925120 868.384800
1.462058 1725.223680 911.649600
1.478537 1725.223680 911.649600
1.494947 1734.501120 846.666000
1.511523 1737.632640 894.855600
1.527905 1737.632640 894.855600
1.544272 1733.387520 872.748000
1.560767 1704.120960 919.447200
1.577072 1704.120960 919.447200
1.593540 1367.656320 372.697200
1.609990 1147.002240 131.371200
1.626394 1148.405760 111.423600
1.642921 963.962880 0.000000
1.659250 944.588160 0.000000
1.675660 944.588160 0.000000
1.692151 1019.788800 82.015200
1.708419 979.764480 22.723200
1.725035 980.768640 30.304800
1.741451 1010.177280 0.000000
1.757642 999.431040 0.000000
1.774310 999.538560 0.000000
1.790630 1009.712640 0.000000
1.807064 981.168000 0.000000
1.823514 979.591680 0.000000
1.840004 977.086080 0.000000
1.856427 963.876480 0.000000
1.872741 964.924800 0.000000
1.889120 955.895040 0.000000
1.905711 963.045120 0.000000
1.922141 962.839680 0.000000
1.938573 974.125440 0.000000
1.954976 988.252800 0.000000
1.971376 989.268480 0.000000
1.987895 974.989440 0.000000
2.004327 980.574720 0.000000
2.020687 979.655040 0.000000
2.037107 991.752960 0.000000
2.053597 976.005120 0.000000
2.069978 976.103040 0.000000
2.086310 970.961280 0.000000
2.102768 981.546240 0.000000
2.119249 980.843520 0.000000
2.135721 989.646720 0.000000
2.152099 988.154880 0.000000
2.168505 988.145280 0.000000
2.184887 972.852480 0.000000
2.201394 972.668160 0.000000
2.217729 973.392000 0.000000
2.234171 1016.862720 0.000000
2.250588 1005.500160 0.000000
2.267129 1005.684480 0.000000
2.283413 1001.168640 0.000000
2.299882 997.950720 0.000000
2.316347 997.950720 0.000000
2.332768 970.961280 0.000000
2.349218 1009.691520 0.000000
2.365683 1010.782080 0.000000
2.382063 983.640960 0.000000
2.398505 983.230080 0.000000
2.414885 981.578880 0.000000
2.431352 963.131520 9.763200
2.447802 1024.043520 31.082400
2.464104 1022.931840 101.401200
2.480663 1013.794560 102.956400
2.497109 1014.994560 98.204400
2.513388 1015.230720 76.399200
2.529997 960.744960 68.407200
2.546593 963.164160 25.520400
2.562762 964.331520 0.000000
2.579363 974.440320 0.000000
2.595681 963.813120 0.000000
2.612010 962.526720 0.000000
2.628527 988.878720 0.000000
2.644975 954.255360 0.000000
2.661249 954.988800 0.000000
2.677778 985.822080 0.000000
2.694256 946.304640 0.000000
2.710611 945.776640 0.000000
2.727097 982.151040 0.000000
2.743573 991.190400 0.000000
2.760046 992.042880 0.000000
2.776395 1004.463360 0.000000
2.792849 1010.338560 0.000000
2.809283 1010.305920 0.000000
2.825634 1000.446720 0.000000
2.842122 985.445760 0.000000
2.858475 984.537600 0.000000
2.874991 957.396480 0.000000
2.891407 969.644160 0.000000
2.907775 971.145600 0.000000
2.924244 985.100160 0.000000
2.940664 1014.766080 0.000000
2.957146 1013.210880 0.000000
2.973624 961.793280 0.000000
2.989984 1005.803520 0.000000
3.006453 1007.391360 0.000000
3.022884 975.680640 0.000000
3.039270 996.967680 0.000000
3.055748 995.381760 0.000000
3.072036 969.807360 0.000000
3.088497 981.492480 0.000000
3.104995 982.312320 0.000000
3.121261 987.939840 0.000000
3.137834 988.771200 0.000000
3.154309 988.803840 0.000000
3.170696 986.146560 0.000000
3.186985 1010.770560 0.000000
3.203540 1011.959040 0.000000
3.219988 1016.666880 0.000000
3.236428 1015.307520 0.000000
3.252892 1015.620480 0.000000
3.269280 987.928320 0.000000
3.285639 1051.896960 0.000000
3.302105 1050.514560 0.000000
3.318514 1034.757120 0.000000
3.334937 1034.357760 0.000000
3.351461 1033.806720 0.000000
3.367947 1023.763200 0.000000
3.384275 1036.020480 0.000000
3.400726 1035.588480 0.000000
3.417127 1078.832640 0.000000
3.433552 1063.971840 0.000000
3.450009 1063.971840 0.000000
3.466429 1254.430080 43.135200
3.482828 1501.176960 470.566800
3.499248 1505.809920 453.708000
3.515695 1714.563840 974.419200
3.532234 1749.544320 978.123600
3.548623 1744.684800 983.620800
3.564985 1712.716800 972.788400
3.581498 1715.880960 1033.462800
3.597801 1713.342720 1039.942800
3.614223 1721.723520 1030.341600
3.630731 1722.727680 1039.370400
3.647052 1729.943040 1027.879200
3.663617 1723.505280 1055.192400
3.680024 1744.014720 985.035600
3.696439 1744.014720 985.035600
3.712957 1717.176960 1032.534000
3.729161 1740.472320 980.046000
3.745712 1728.549120 996.958800
3.762103 1740.883200 1064.318400
3.778459 1697.585280 1080.000000
3.794941 1687.866240 1080.000000
3.811309 1688.643840 1080.000000
3.827754 1718.678400 1061.748000
3.844307 1728.430080 1043.852400
3.860731 1722.685440 1033.905600
3.877164 1706.507520 1051.628400
3.893534 1710.881280 1046.595600
3.909933 1722.750720 1077.148800
3.926424 1728.149760 1068.832800
3.942825 1735.428480 1057.698000
3.959299 1754.403840 1008.018000
3.975706 1760.290560 759.963600
3.992142 1753.194240 773.830800
4.008518 1550.252160 670.172400
4.024988 1290.458880 231.001200
4.041389 1288.016640 240.807600
4.057872 998.534400 0.000000
4.074273 1004.451840 0.000000
4.090686 1005.338880 0.000000
4.107101 965.076480 0.000000
4.123472 994.202880 0.000000
4.139975 994.202880 0.000000
4.156415 985.499520 0.000000
4.172809 1000.565760 0.000000
4.189201 1001.644800 0.000000
4.205707 997.983360 0.000000
4.222100 995.412480 0.000000
4.238548 995.811840 0.000000
4.254913 991.687680 0.000000
4.271427 990.078720 0.000000
4.287835 989.191680 0.000000
4.304211 990.725760 0.000000
4.320605 1008.729600 0.000000
4.337006 1008.017280 0.000000
4.353497 978.272640 0.000000
4.369875 1000.154880 0.000000
4.386294 1001.007360 0.000000
4.402793 966.739200 0.000000
4.419101 990.639360 0.000000
4.435585 990.823680 0.000000
4.451967 982.032000 0.000000
4.468434 992.129280 0.000000
4.484852 990.952320 0.000000
4.501304 917.911680 0.000000
4.517733 919.520640 0.000000
4.534114 920.202240 0.000000
4.550606 919.380480 0.000000
4.567060 911.735040 0.000000
4.583560 911.735040 0.000000
4.599958 938.357760 0.000000
4.616400 957.494400 0.000000
4.632763 956.933760 0.000000
4.649134 932.179200 0.000000
4.665699 942.514560 0.000000
4.682137 943.994880 0.000000
4.698579 953.564160 0.000000
4.714961 940.872960 0.000000
4.731431 939.469440 0.000000
4.747857 945.031680 0.000000
4.764264 917.706240 0.000000
4.780642 918.971520 0.000000
4.797001 919.284480 0.000000
4.813398 937.157760 0.000000
4.829991 936.046080 0.000000
4.846410 917.944320 0.000000
4.862815 925.979520 0.000000
4.879442 928.151040 0.000000
4.895645 945.073920 0.000000
4.912119 958.995840 0.000000
4.928579 957.559680 0.000000
4.945014 948.800640 0.000000
4.961442 938.325120 0.000000
4.977836 939.102720 0.000000
