0.000000 62.460714 0.000000
0.016157 47.882651 -0.205143
0.032470 24.194973 -0.534081
0.049025 -0.330021 0.216281
0.065331 -13.567142 1.956436
0.081792 -0.095077 3.113012
0.098240 -1.164016 3.055729
0.114704 -1.089594 2.236415
0.131124 -1.728038 1.094790
0.147604 -2.007890 -0.101081
0.163913 -1.409315 -1.636937
0.180399 1.256744 -2.452956
0.196842 4.082325 -2.305350
0.213110 4.364902 -0.953111
0.229719 2.565313 -0.454080
0.246044 0.291445 -0.169219
0.262492 -0.487957 0.182313
0.278931 -1.848629 0.148938
0.295433 -2.625107 -0.452598
0.311825 -1.270990 -1.313287
0.328229 0.229824 -1.349275
0.344663 0.106143 -0.646488
0.361087 -0.182830 0.443050
0.377505 -0.064550 0.126633
0.394004 0.322650 0.000000
0.410393 1.404036 0.000000
0.426883 0.266651 0.000000
0.443219 -1.154134 0.000000
0.459681 -1.848955 0.000000
0.476079 -2.384956 0.000000
0.492547 -4.065111 0.000000
0.508912 -1.779040 0.000000
0.525381 4.096072 0.000000
0.541903 8.328128 -5.083360
0.558298 15.346856 -0.607430
0.574618 20.679941 8.902626
0.591067 23.142963 18.606217
0.607538 21.664065 23.029543
0.623955 14.766717 23.993128
0.640265 5.727924 20.196963
0.656834 0.552658 14.470740
0.673252 -2.412679 4.861461
0.689738 -8.002477 -6.681072
0.706079 0.289608 4.439969
0.722485 8.613933 17.980055
0.738908 16.137005 29.373501
0.755477 18.142503 37.666719
0.771753 17.379115 36.869265
0.788351 14.920404 25.413046
0.804659 10.071005 8.963647
0.820989 4.703945 -7.790833
0.837562 2.697010 -11.676224
0.853971 2.910187 -4.184769
0.870363 14.555392 -1.245223
0.886838 -8.899449 0.543179
0.903205 -45.345386 -0.531604
0.919771 -76.100205 -6.794926
1.149610 -95.803409 -5.644993
1.166036 -87.463412 -7.845945
1.182594 -62.964625 -2.150945
1.198955 -14.996082 -13.345040
1.215354 30.624490 -31.494588
1.231834 57.784637 -43.664922
1.248188 40.972236 -48.586455
1.264674 32.273712 -44.486718
1.281104 17.256997 -30.507720
1.297583 4.461046 -11.981170
1.313984 -0.630894 0.298019
1.330456 -3.527746 8.723399
1.346851 3.048663 0.000000
1.363299 0.563645 0.000000
1.379688 -2.822197 0.000000
1.396093 -2.442645 0.000000
1.412554 -1.628980 0.000000
1.428955 1.096465 0.000000
1.445290 4.318961 0.000000
1.461820 6.159532 0.000000
1.478182 6.307993 0.000000
1.494729 3.267303 0.000000
1.511158 0.313889 0.000000
1.527417 -1.846867 0.000000
1.544011 -1.284605 0.000000
1.560419 -2.545713 0.000000
1.576882 -3.958208 0.000000
1.593350 -3.587675 0.000000
1.609628 -0.721665 0.000000
1.626086 2.216662 0.000000
1.642513 4.032860 0.000000
1.658982 3.741057 0.000000
1.675401 2.156384 0.000000
1.691858 0.498021 0.000000
1.708275 -1.700621 0.000000
1.724592 -3.635600 0.000000
1.741105 -1.887274 0.000000
1.757512 -0.240731 0.000000
1.773958 0.401810 0.000000
1.790316 0.916801 0.000000
1.806773 0.548369 0.000000
1.823176 0.590179 0.000000
1.839677 0.391938 0.000000
1.855965 -0.713268 0.000000
1.872461 -0.864246 0.000000
1.888835 0.031410 0.000000
1.905265 -0.475486 0.000000
1.921819 -0.512344 0.000000
1.938261 0.048418 0.000000
1.954656 0.254560 0.000000
1.971015 1.046994 0.000000
1.987363 0.721362 0.000000
2.003957 0.336946 0.000000
2.020380 -0.016808 0.000000
2.036812 -0.700760 0.000000
2.053299 -1.425642 0.000000
2.069654 -1.532944 0.000000
2.086148 -1.682219 0.000000
2.102528 -0.827913 0.000000
2.118976 0.576647 0.000000
2.135308 0.633262 0.000000
2.151837 0.695909 0.000000
2.168236 -0.042811 0.000000
2.184750 -0.701753 0.000000
2.201127 -0.966870 0.000000
2.217572 -0.980090 0.000000
2.233870 -0.496382 0.000000
2.250370 0.987184 0.000000
2.266860 1.775136 0.000000
2.283196 0.494617 0.000000
2.299677 -0.487313 0.000000
2.316151 -0.814535 0.000000
2.332462 -1.849347 0.000000
2.348965 -1.863569 0.000000
2.365388 -0.888750 0.000000
2.381874 0.704239 0.000000
2.398190 1.753078 0.000000
2.414678 2.293142 0.000000
2.430983 0.895688 0.000000
2.447465 0.234135 0.000000
2.463890 -0.405969 0.000000
2.480642 -1.347638 0.000000
2.496833 -0.164538 0.000000
2.513218 0.659278 0.000000
2.529659 1.147954 0.000000
2.546101 0.733147 0.000000
2.562530 -0.176335 0.000000
2.578930 -0.838070 0.000000
2.595384 -0.679436 0.000000
2.611796 -1.038468 0.000000
2.628113 -0.758296 0.000000
2.644584 0.233944 0.000000
2.661062 1.292632 0.000000
2.677487 0.404813 0.000000
2.693905 -0.078145 0.000000
2.710444 0.581380 0.000000
2.726835 0.513585 0.000000
2.743210 -0.990051 0.000000
2.759607 -3.045542 0.000000
2.776101 -1.877912 0.000000
2.792545 -1.641549 0.000000
2.809048 -2.161347 0.000000
2.825377 -2.334318 0.000000
2.841856 0.037816 0.000000
2.858183 2.338221 0.000000
2.874632 1.867495 0.000000
2.891100 1.154474 0.000000
2.907544 0.770711 0.000000
2.923966 0.216776 0.000000
2.940441 -1.682045 0.000000
2.956716 -1.494390 0.000000
2.973239 0.581179 0.000000
2.989708 2.201595 0.000000
3.006103 2.824892 0.000000
3.022469 1.174765 0.000000
3.038910 -0.632421 0.000000
3.055419 -4.022896 0.000000
3.071848 -3.699104 0.000000
3.088176 -0.689019 0.000000
3.104678 2.499194 0.000000
3.121171 4.302996 0.000000
3.137535 4.866290 0.000000
3.153971 4.881525 0.000000
3.170405 1.778625 0.000000
3.186907 -0.969468 0.000000
3.203248 -2.306684 0.000000
3.219741 -0.272383 0.000000
3.236036 -0.105996 0.000000
3.252553 -0.238221 0.000000
3.269001 -0.049038 0.000000
3.285272 0.982454 0.000000
3.301775 1.781752 0.000000
3.318302 0.482310 0.000000
3.334680 -0.044991 0.000000
3.351105 -0.968857 0.000000
3.367542 -1.421200 0.000000
3.384024 -2.243106 0.000000
3.400455 -2.412481 0.000000
3.416817 -1.013390 0.000000
3.433159 -0.207880 0.000000
3.449649 -0.059149 0.000000
3.466039 -0.916238 0.000000
3.482583 -0.254387 0.000000
3.498980 1.196700 0.000000
3.515358 1.357141 0.000000
3.531733 0.659051 0.000000
3.548206 -0.262962 0.000000
3.564593 -0.499756 0.000000
3.581029 -1.447962 0.000000
3.597467 -1.798707 0.000000
3.613960 -0.901774 0.000000
3.630379 0.126101 0.000000
3.646799 0.312225 0.000000
3.663234 -1.222794 0.000000
3.679610 -0.894138 0.000000
3.695984 -1.092551 0.000000
3.712485 1.263094 0.000000
3.728940 3.931756 0.000000
3.745271 6.681299 0.000000
3.761698 7.648713 0.000000
3.778234 6.053724 0.000000
3.794650 3.296437 0.000000
3.811025 0.301052 0.000000
3.827501 -1.968454 0.000000
3.843978 -3.586663 0.000000
3.860274 -3.611680 0.000000
3.876842 -2.173242 0.000000
3.893245 1.910051 0.000000
3.909589 2.476067 0.000000
3.926095 1.066487 0.000000
3.942532 -1.155048 0.000000
3.959000 -3.678629 -0.101183
3.975374 -6.090743 -0.364649
3.991706 -6.670103 0.148407
4.008162 -5.089179 0.987825
4.024608 -1.280833 2.023848
4.041089 0.168861 2.304760
4.057507 -1.261121 1.512815
4.073865 -1.244352 0.157076
4.090324 -0.969637 -2.629080
4.106777 -1.532666 -1.975744
4.123120 -0.797051 0.065568
4.139587 0.380278 4.347251
4.156088 2.045070 5.153567
4.172397 2.862003 3.517238
4.188964 3.123075 0.074911
4.205287 2.766849 -3.406117
4.221694 1.632342 -5.555031
4.238278 0.416237 -5.443444
4.254651 -0.249678 -1.957679
4.271160 0.428080 -0.124184
4.287537 0.695672 1.263866
4.303989 0.506927 0.000000
4.320358 -0.030770 0.000000
4.336832 0.058351 0.000000
4.353172 0.177540 0.000000
4.369707 0.077245 0.000000
4.386082 -0.305117 0.000000
4.402486 -0.213535 0.000000
4.418958 -0.260923 0.000000
4.435268 -0.520381 0.000000
4.451744 -0.457536 0.000000
4.468128 0.502708 0.000000
4.484681 1.468936 0.000000
4.501126 0.828836 0.000000
4.517550 -0.088290 0.000000
4.533998 -1.012828 0.000000
4.550333 -1.176029 0.000000
4.566839 -1.281869 0.000000
4.583184 -0.830270 0.000000
4.599705 0.033297 0.000000
4.616129 0.361325 0.000000
4.632439 0.615874 0.000000
4.648956 -0.907442 0.000000
4.665303 -1.272068 0.000000
4.681648 -1.450555 0.000000
4.698235 -0.814467 0.000000
4.714634 -0.200476 0.000000
4.730966 0.249684 0.000000
4.747483 0.931807 0.000000
4.763977 1.411233 0.000000
4.780300 1.257093 0.000000
4.796815 0.962343 0.000000
4.813281 1.155305 0.000000
4.829677 1.078785 0.000000
4.846080 0.359666 0.000000
4.862481 -0.561028 0.000000
4.878967 -1.078589 0.000000
4.895293 -1.169405 0.000000
4.911867 -1.244897 0.000000
4.928251 13.007082 0.000000
4.944636 0.239985 0.000000
4.961059 -24.152586 0.000000
4.977524 -47.219683 0.000000
4.994022 -61.204694 0.000000
