0.000000 3.970000
0.016399 3.945917
0.032943 3.921814
0.049275 3.897670
0.065729 3.873464
0.082144 3.849179
0.098572 3.824797
0.115076 3.800303
0.131441 3.775682
0.147852 3.750924
0.164200 3.726019
0.180686 3.700962
0.197217 3.675750
0.213590 3.650384
0.229890 3.624866
0.246257 3.599205
0.262845 3.573412
0.279246 3.547501
0.295693 3.521492
0.312134 3.495405
0.328589 3.469268
0.344997 3.443110
0.361483 3.416964
0.377801 3.390867
0.394271 3.364858
0.410676 3.338980
0.427110 3.313277
0.443613 3.287798
0.460040 3.262591
0.476466 3.237707
0.492819 3.213196
0.722873 3.189112
0.739291 3.165505
0.755738 3.142425
0.772087 3.119923
0.788568 3.098047
0.804970 3.076842
0.821439 3.056353
0.837845 3.036620
0.854164 3.017682
0.870709 2.999576
0.887102 2.982333
0.903592 2.965985
0.920053 2.950558
0.936369 2.936076
0.952879 2.922561
0.969280 2.910032
0.985610 2.898503
1.002197 2.887989
1.018604 2.878501
1.034989 2.870048
1.051339 2.862636
1.067806 2.856270
1.084301 2.850952
1.100793 2.846683
1.117042 2.843461
1.133506 2.841282
1.149895 2.840140
1.166304 2.840027
1.182761 2.840934
1.199183 2.842847
1.215735 2.845752
1.232021 2.849632
1.248518 2.854467
1.264955 2.860236
1.281325 2.866913
1.297825 2.874474
1.314175 2.882887
1.330648 2.892123
1.347086 2.902148
1.363647 2.912924
1.379927 2.924413
1.396483 2.936575
1.412802 2.949366
1.429271 2.962739
1.445715 2.976647
1.462156 2.991039
1.478556 3.005863
1.495010 3.021064
1.511365 3.036584
1.527816 3.052366
1.544292 3.068350
1.560655 3.084475
1.577167 3.100679
1.593650 3.116901
1.610022 3.133077
1.626402 3.149148
1.642778 3.165050
1.659318 3.180726
1.675691 3.196116
1.692076 3.211164
1.708664 3.225817
1.724966 3.240023
1.741369 3.253735
1.757861 3.266907
1.774220 3.279501
1.790670 3.291478
1.807030 3.302806
1.823550 3.313458
1.839903 3.323410
1.856404 3.332641
1.872888 3.341136
1.889294 3.348885
1.905715 3.355880
1.922114 3.362118
1.938567 3.367599
1.954989 3.372326
1.971443 3.376307
1.987799 3.379552
2.004359 3.382073
2.020672 3.383885
2.037165 3.385008
2.053545 3.385460
2.070000 3.385265
2.086443 3.384447
2.102827 3.383032
2.119274 3.381047
2.135655 3.378522
2.151970 3.375487
2.168489 3.371974
2.184920 3.368016
2.201477 3.363644
2.217970 3.358894
2.234393 3.353799
2.250634 3.348395
2.267088 3.342715
2.283529 3.336796
2.300068 3.330672
2.316543 3.324377
2.332869 3.317946
2.349278 3.311411
2.365757 3.304805
2.382114 3.298160
2.398551 3.291506
2.414920 3.284873
2.431371 3.278289
2.447882 3.271780
2.464241 3.265373
2.480658 3.259090
2.497088 3.252955
2.513489 3.246989
2.529942 3.241210
2.546475 3.235636
2.562772 3.230285
2.579200 3.225170
2.595657 3.220306
2.612008 3.215703
2.628615 3.211373
2.644950 3.207324
2.661463 3.203563
2.677895 3.200098
2.694295 3.196932
2.710711 3.194069
2.727171 3.191512
2.743467 3.189259
2.759970 3.187311
2.776383 3.185665
2.792772 3.184317
2.809297 3.183262
2.825669 3.182492
2.842113 3.182000
2.858520 3.181776
2.874996 3.181810
2.891319 3.182089
2.907815 3.182601
2.924271 3.183332
2.940673 3.184269
2.957098 3.185395
2.973468 3.186696
2.989907 3.188156
3.006424 3.189760
3.022781 3.191491
3.039221 3.193335
3.055708 3.195276
3.072092 3.197299
3.088548 3.199390
3.105044 3.201536
3.121491 3.203724
3.137895 3.205941
3.154179 3.208177
3.170794 3.210421
3.187193 3.212665
3.203507 3.214900
3.220038 3.217119
3.236346 3.219317
3.252794 3.221487
3.269159 3.223627
3.285673 3.225733
3.302082 3.227803
3.318711 3.229836
3.334941 3.231832
3.351379 3.233790
3.367754 3.235714
3.384346 3.237603
3.400619 3.239461
3.416981 3.241290
3.433504 3.243094
3.449909 3.244875
3.466323 3.246638
3.482766 3.248384
3.499199 3.250119
3.515777 3.251846
3.532112 3.253567
3.548536 3.255287
3.564919 3.257008
3.581396 3.258734
3.597859 3.260467
3.614204 3.262210
3.630575 3.263964
3.647063 3.265732
3.663522 3.267515
3.679917 3.269315
3.696363 3.271131
3.712778 3.272964
3.729340 3.274816
3.745693 3.276685
3.762049 3.278572
3.778497 3.280476
3.794919 3.282398
3.811359 3.284335
3.827914 3.286288
3.844220 3.288254
3.860611 3.290235
3.877072 3.292227
3.893591 3.294230
3.909918 3.296242
3.926513 3.298263
3.942796 3.300291
3.959216 3.302324
3.975673 3.304360
3.992140 3.306399
4.008428 3.308439
4.024908 3.310478
4.041432 3.312515
4.057818 3.314548
4.074294 3.316577
4.090620 3.318599
4.107046 3.320614
4.123458 3.322620
4.139891 3.324616
4.156420 3.326600
4.172805 3.328572
4.189235 3.330532
4.205630 3.332479
4.222028 3.334412
4.238583 3.336331
4.254898 3.338237
4.271487 3.340129
4.287781 3.342007
4.304294 3.343873
4.320648 3.345727
4.337144 3.347568
4.353522 3.349398
4.369972 3.351218
4.386315 3.353027
4.402775 3.354827
4.419247 3.356619
4.435622 3.358402
4.452091 3.360179
4.468440 3.361949
4.484938 3.363714
4.501465 3.365473
4.517827 3.367229
4.534337 3.368981
4.550741 3.370730
4.567190 3.372478
4.583522 3.374225
4.599911 3.375972
4.616495 3.377718
4.632801 3.379466
4.649340 3.381215
4.665660 3.382966
4.682004 3.384720
4.698611 3.386476
4.714920 3.388234
4.731249 3.389996
4.747961 3.391761
4.764189 3.393530
4.780750 3.395301
4.797119 3.397077
4.813505 3.398855
4.829882 3.400636
4.846415 3.402421
4.862766 3.404208
4.879134 3.405998
4.895682 3.407790
4.912027 3.409584
4.928593 3.411380
4.945059 3.413176
4.961465 3.414973
