0.000000 1633.875840 887.846400
0.015881 1635.162240 842.864400
0.032493 1661.579520 821.480400
0.049002 1661.579520 821.480400
0.065433 1629.751680 853.275600
0.082237 1658.716800 854.593200
0.098538 1661.157120 847.886400
0.114942 1623.313920 843.210000
0.131468 1632.299520 899.262000
0.148000 1629.319680 906.886800
0.164394 1618.097280 906.768000
0.180599 1620.516480 875.934000
0.197194 1616.294400 882.694800
0.213447 1329.327360 389.394000
0.229589 1019.399040 70.297200
0.246283 1019.669760 81.939600
0.262964 1025.685120 20.822400
0.279208 1004.540160 0.000000
0.295900 1005.717120 0.000000
0.312092 1051.032960 0.000000
0.328483 1057.977600 0.000000
0.344750 1057.706880 0.000000
0.361225 1034.444160 0.000000
0.377745 1028.440320 0.000000
0.393952 1028.709120 0.000000
0.410555 1027.424640 0.000000
0.427081 1021.528320 0.000000
0.443131 1021.656960 0.000000
0.459937 1016.807040 0.000000
0.476246 883.061760 0.000000
0.492399 884.638080 0.000000
0.804994 572.538240 737.132400
0.821510 563.909760 781.002000
0.837977 560.357760 775.580400
0.854307 206.332800 1009.173600
0.870747 215.276160 1004.767200
0.886968 207.098880 991.915200
0.903174 179.441280 858.578400
0.919857 208.060800 879.055200
0.936564 214.638720 893.721600
0.952740 211.224960 952.516800
0.969398 194.636160 925.819200
0.985499 199.182720 932.299200
1.002222 227.349120 1028.862000
1.018501 245.861760 1031.259600
1.035086 242.945280 1025.578800
1.051296 230.426880 1015.470000
1.067799 219.864960 959.320800
1.084245 219.304320 958.392000
1.100622 217.812480 941.155200
1.117120 230.006400 981.396000
1.133481 222.391680 968.922000
1.150065 205.361280 944.740800
1.166281 191.687040 911.649600
1.182865 187.864320 906.400800
1.199058 170.810880 951.274800
1.215775 200.791680 978.912000
1.231740 209.151360 992.109600
1.248646 208.179840 1001.289600
1.264911 218.568960 979.916400
1.280861 218.568960 979.916400
1.297816 221.473920 973.879200
1.314382 224.065920 943.358400
1.330635 224.065920 943.358400
1.347118 204.128640 944.773200
1.363527 209.723520 951.469200
1.380089 209.723520 951.469200
1.396446 221.959680 914.004000
1.412946 221.354880 896.983200
1.429305 221.354880 896.983200
1.445378 224.465280 924.512400
1.462246 234.758400 942.289200
1.478394 234.758400 942.289200
1.495137 219.972480 986.364000
1.511279 214.734720 909.986400
1.527694 222.510720 923.173200
1.544214 232.133760 982.735200
1.560404 233.495040 994.874400
1.577001 241.345920 1007.704800
1.593522 236.691840 984.042000
1.609521 244.176000 996.580800
1.626127 236.367360 983.685600
1.642421 239.477760 1011.420000
1.658832 225.221760 990.619200
1.675292 217.457280 978.037200
1.691747 215.232000 975.769200
1.708074 207.250560 980.704800
1.724609 211.224960 986.115600
1.741243 227.717760 943.282800
1.757514 217.726080 949.600800
1.773882 217.165440 948.661200
1.790232 210.545280 958.932000
1.806928 209.907840 943.563600
1.823483 213.784320 950.929200
1.839852 252.005760 973.566000
1.856677 250.396800 1017.802800
1.872672 250.947840 1018.710000
1.889372 250.277760 982.951200
1.905631 252.902400 1004.302800
1.922197 241.756800 984.862800
1.938454 241.411200 972.658800
1.955020 178.187520 948.931200
1.971269 181.428480 955.368000
1.987800 214.129920 981.050400
2.004177 225.546240 1052.222400
2.020821 233.905920 1065.106800
2.036733 214.669440 974.905200
2.053671 219.304320 967.021200
2.069954 207.757440 946.933200
2.086538 234.078720 917.168400
2.102821 214.951680 912.211200
2.119131 210.328320 905.817600
2.135884 225.179520 931.305600
2.152297 213.578880 919.209600
2.168649 221.777280 933.012000
2.184816 219.778560 950.194800
2.201290 224.983680 949.017600
2.217770 221.408640 941.630400
2.234325 194.376960 967.345200
2.250542 194.064000 920.689200
2.267160 189.344640 914.446800
2.283512 190.306560 916.736400
2.299904 217.564800 953.445600
2.316399 233.354880 979.516800
2.332755 286.035840 1034.748000
2.349372 276.069120 1041.206400
2.365515 278.995200 1047.384000
2.382042 262.266240 1037.869200
2.398469 252.309120 1028.937600
2.415089 248.570880 1021.528800
2.431404 250.957440 1033.192800
2.448006 227.717760 1042.588800
2.464401 228.430080 1043.712000
2.480557 224.033280 947.203200
2.496796 257.448960 972.864000
2.513340 261.477120 978.350400
2.530152 324.960000 1000.252800
2.546249 259.858560 1039.046400
2.562929 248.010240 1020.740400
2.579180 866.947200 47.736000
2.595773 946.619520 0.000000
2.612095 946.619520 0.000000
2.628596 975.379200 0.000000
2.644927 978.111360 0.000000
2.661343 979.624320 0.000000
2.677727 1009.733760 0.000000
2.693910 982.247040 0.000000
2.710631 981.966720 0.000000
2.726851 964.504320 0.000000
2.743059 977.754240 0.000000
2.760010 976.880640 0.000000
2.776150 962.720640 0.000000
2.792804 993.502080 0.000000
2.808852 993.016320 0.000000
2.825153 986.492160 0.000000
2.841750 981.578880 0.000000
2.858186 981.578880 0.000000
2.874538 979.342080 0.000000
2.891082 970.919040 0.000000
2.907532 971.738880 0.000000
2.923969 966.620160 0.000000
2.940573 969.504000 0.000000
2.956952 970.713600 0.000000
2.973428 969.968640 0.000000
2.990025 1043.581440 0.000000
3.006530 1043.462400 0.000000
3.022899 1683.697920 711.730800
3.039397 1785.022080 1080.000000
3.055810 1780.811520 1080.000000
3.071795 1769.827200 1053.313200
3.088719 1799.473920 1034.942400
3.104878 1798.392960 1032.447600
3.121454 1762.018560 1004.745600
3.137793 1723.787520 1033.149600
3.154025 1705.372800 1062.795600
3.170401 1729.791360 1080.000000
3.187226 1733.032320 1080.000000
3.203401 1724.845440 1080.000000
3.219947 1710.675840 1080.000000
3.236249 1692.660480 1080.000000
3.252904 1697.608320 1080.000000
3.269270 1668.264960 1080.000000
3.285940 1683.340800 1063.875600
3.302047 1693.893120 1044.802800
3.318606 1712.004480 1013.385600
3.334915 1727.902080 1080.000000
3.351095 1716.529920 1080.000000
3.367685 1721.919360 1080.000000
3.384127 1703.957760 1080.000000
3.400735 1707.360000 1080.000000
3.417017 1678.026240 1080.000000
3.433649 1693.795200 1080.000000
3.449815 1693.244160 1080.000000
3.466388 1685.003520 1080.000000
3.482442 1697.715840 1080.000000
3.499095 1697.715840 1080.000000
3.515596 1721.863680 1080.000000
3.531764 1711.658880 1080.000000
3.548565 1708.742400 1080.000000
3.565045 1716.679680 1080.000000
3.581274 1697.963520 1080.000000
3.597900 1701.214080 1080.000000
3.614262 1697.531520 1080.000000
3.630467 1702.801920 1080.000000
3.647181 1702.229760 1080.000000
3.663378 1700.394240 1080.000000
3.680004 1690.133760 1080.000000
3.696196 1690.133760 1080.000000
3.712980 1723.743360 1080.000000
3.729149 1742.081280 1080.000000
3.745688 1733.819520 1080.000000
3.761719 1726.239360 1080.000000
3.778603 1690.231680 1080.000000
3.794911 1695.361920 1080.000000
3.811199 1720.579200 1080.000000
3.827713 1719.974400 1080.000000
3.844060 1736.390400 1072.018800
3.860205 1728.161280 1067.774400
3.877097 1750.538880 1061.229600
3.893509 1766.555520 1038.733200
3.909409 1763.758080 1006.570800
3.926133 1770.334080 1004.886000
3.942472 1783.553280 982.411200
3.958858 1776.405120 970.650000
3.975275 1765.852800 990.252000
3.991692 1741.866240 1026.615600
4.008093 1726.951680 1054.641600
4.024521 1728.193920 1080.000000
4.041054 1702.381440 1080.000000
4.057556 1714.369920 1080.000000
4.073997 1711.808640 1080.000000
4.090364 1703.602560 1080.000000
4.106791 1692.326400 1080.000000
4.123444 1691.105280 1080.000000
4.140031 1699.184640 1080.000000
4.156116 1688.578560 1080.000000
4.172867 1723.418880 1080.000000
4.189079 1736.747520 1080.000000
4.205832 1698.990720 1080.000000
4.222074 1727.285760 1080.000000
4.238677 1730.709120 1080.000000
4.254859 1733.506560 1080.000000
4.271140 1740.299520 1080.000000
4.287721 1723.484160 1080.000000
4.304235 1713.548160 1080.000000
4.320781 1653.240960 1080.000000
4.337036 1653.240960 1080.000000
4.353735 1663.944960 1080.000000
4.369645 1676.849280 1080.000000
4.386447 1681.883520 1080.000000
4.402562 1709.109120 1080.000000
4.419394 1715.556480 1080.000000
4.435700 1716.140160 1080.000000
4.452202 1697.671680 1080.000000
4.468494 1693.568640 1080.000000
4.485014 1693.568640 1080.000000
4.501452 1692.391680 1080.000000
4.517457 1697.272320 1080.000000
4.534323 1709.239680 1080.000000
4.550699 1707.446400 1070.496000
4.567146 1724.488320 1061.337600
4.583353 1723.916160 1062.223200
4.599949 1688.480640 1080.000000
4.616280 1672.097280 1059.696000
4.632901 1660.682880 1080.000000
4.649158 1682.778240 1080.000000
4.665799 1716.756480 1080.000000
4.682027 1712.186880 1080.000000
4.698552 1708.018560 1080.000000
4.714931 1666.385280 1080.000000
4.731444 1675.046400 1080.000000
4.747511 1676.363520 1080.000000
4.764125 1682.476800 1080.000000
4.780654 1689.928320 1080.000000
4.796607 1677.411840 1027.566000
4.813618 1718.127360 1033.387200
4.829749 1705.610880 1055.041200
4.846449 1705.319040 1080.000000
4.862588 1671.331200 1055.678400
4.879222 1666.849920 1061.359200
4.895572 1670.359680 1080.000000
4.912225 1673.708160 1080.000000
4.928468 1670.413440 1080.000000
4.944847 1649.871360 1074.524400
4.961349 1675.553280 1042.632000
4.977816 1695.544320 1006.689600
4.993970 1701.473280 1065.970800
