0.000000 105.294647 68.068296
0.016540 84.118060 52.879233
0.032959 44.491466 27.040435
0.049473 0.898980 -0.308486
0.065954 -25.040650 -15.423643
0.082296 -3.305740 -0.000000
0.098786 -5.226772 -0.000000
0.115363 -5.538902 -0.000000
0.131311 -2.357280 -0.000000
0.148416 1.395947 -0.000000
0.164344 3.285768 -0.000000
0.180608 2.491971 -0.000000
0.197437 1.479362 -0.000000
0.214171 6.792556 7.659315
0.230255 3.998091 7.222536
0.246777 -10.326155 -12.946977
0.263087 -26.776554 -38.295285
0.279732 -38.200809 -58.631830
0.295987 -42.253822 -66.790353
0.312665 -36.313266 -60.178202
0.328936 -22.941692 -40.737350
0.345367 -7.321163 -14.976790
0.361753 3.968225 5.986522
0.378228 0.100387 6.454172
0.394427 -2.313702 0.347818
0.411083 1.040132 0.354759
0.427537 6.664366 -6.963699
0.443721 0.986762 -0.537068
0.460561 -3.502406 5.689666
0.476680 -19.368648 25.216980
0.493045 -35.839198 43.640526
0.509228 -46.377029 53.086437
0.526094 -44.497825 52.415653
0.542289 -32.837482 39.387868
0.559032 -17.359936 18.060805
0.575256 -5.355233 -0.381902
0.591849 0.104699 -3.227972
0.608174 7.141939 -6.289571
0.624580 1.981125 4.958311
0.640868 1.748180 5.466333
0.657190 1.722441 3.624628
0.673791 1.111695 2.497683
0.690477 -0.729611 -0.416351
0.706998 -1.445998 -0.727645
0.722866 -1.072751 -0.440151
0.739043 1.737637 1.054610
0.755925 3.272148 2.342287
0.772107 3.597043 3.010834
0.788354 3.372013 -0.617918
0.804859 1.948513 -3.448901
0.821350 -0.221956 -4.243158
0.837804 -1.780552 -6.997847
0.854328 -3.767184 -10.282140
0.870718 -4.822171 -11.146266
0.887158 -4.522022 -7.949379
0.903778 -3.203644 -4.117841
0.919987 -1.451548 0.534082
0.936260 0.176716 4.620437
0.953174 2.558695 7.788725
0.969734 3.307856 10.904394
0.986017 3.518055 12.178499
1.002111 3.809301 13.435083
1.018521 1.672035 10.766113
1.035012 -1.214349 4.069457
1.051924 -4.337521 -1.925840
1.068038 -6.406460 -8.586164
1.084778 -5.029043 -11.943255
1.100841 -1.822553 -10.432273
1.117626 1.347242 -5.426683
1.133540 4.294857 -1.684704
1.150498 4.403992 -2.305067
1.166621 1.691332 -3.288538
1.183389 -1.042690 -0.190753
1.199571 -3.709139 4.352768
1.216060 -2.927246 7.510340
1.232333 -0.851428 9.183699
1.248984 0.418965 6.158699
1.265332 2.010045 1.559066
1.281862 2.188997 -3.884893
1.298190 1.759746 -5.746603
1.314365 1.220203 -4.564745
1.331048 -0.131476 -2.541390
1.347015 -2.095299 0.054859
1.363981 -3.694522 5.960341
1.380194 2.337959 0.456470
1.396523 6.174151 -1.220728
1.413060 19.924251 -16.257383
1.429789 32.390985 -35.791476
1.445924 39.199848 -49.531457
1.462521 38.528000 -53.904148
1.478822 28.482403 -44.532394
1.495430 14.811885 -27.050925
1.511629 2.883886 -8.957881
1.528357 -2.650778 -0.130496
1.544578 -6.886295 7.429968
1.561130 -1.412118 0.217520
1.577420 -0.273355 0.018046
1.593740 1.923042 0.029476
1.610372 2.214934 0.053337
1.626720 2.085833 0.050430
1.643354 2.187490 0.029676
1.659379 3.214384 0.000000
1.675624 4.798803 -0.029676
1.692365 5.671406 -0.050430
1.708946 3.613437 -0.053337
1.725216 2.637201 -0.029476
1.741819 0.974185 0.030077
1.758115 -1.278637 0.000000
1.774529 -0.754827 0.000000
1.790928 -0.307198 0.000000
1.807740 0.896949 0.000000
1.823810 1.229391 0.000000
1.840336 1.774937 0.000000
1.856657 -0.173654 0.000000
1.872891 -0.649089 0.000000
1.889362 -2.440377 0.000000
1.905674 -2.555161 0.000000
1.922138 -1.265050 0.000000
1.938520 0.245442 0.000000
1.955013 0.816977 0.000000
1.971332 1.835480 0.000000
1.987887 2.099405 0.000000
2.004231 0.677792 0.000000
2.020656 0.389810 0.000000
2.037112 0.803472 0.000000
2.053799 1.046269 0.000000
2.069971 -0.206865 0.000000
2.086718 -1.157630 0.000000
2.102815 -4.602079 0.000000
2.119322 -2.020229 0.000000
2.135789 -3.829244 -11.142572
2.151916 6.004721 -3.858043
2.168854 21.223882 19.649816
2.185483 33.900140 44.332681
2.201764 38.987697 60.727020
2.218020 36.677781 65.005755
2.234688 27.301226 56.489389
2.250840 13.355614 33.808851
2.267356 3.078528 7.004464
2.283798 -4.860474 -11.094593
2.300390 0.196155 -5.379048
2.316666 -0.002639 -2.128924
2.333226 -0.950105 -1.300908
2.349504 -2.436972 1.863836
2.366088 -2.545563 4.191129
2.382391 -1.514616 2.936516
2.398871 -0.520661 -1.207843
2.415262 1.582521 -3.364202
2.431781 3.023592 -5.422200
2.448136 2.024304 -4.335089
2.464244 0.388100 -0.287514
2.481136 -1.106826 3.358443
2.497357 -2.077549 5.607193
2.514015 -1.900898 5.203406
2.530143 -1.992098 2.973194
2.546862 -0.740604 1.720715
2.563089 0.872613 -0.417549
2.579559 2.114723 -2.597398
2.595995 2.149087 -3.321619
2.612671 2.537552 -3.353257
2.628790 1.691017 -1.628284
2.645403 3.082206 0.519800
2.661664 -1.959722 2.384269
2.678213 3.112910 6.036880
2.694435 -10.535842 3.436423
2.711108 -33.497237 -0.064487
2.727494 -59.088873 -8.626271
2.743781 -76.207953 -17.682067
2.760330 -76.896962 -24.434189
2.940929 -63.715890 -23.934406
2.957314 -40.199386 -19.437220
2.973966 -16.659426 -12.018503
2.989850 3.525270 -3.127546
3.006387 0.411930 0.237102
3.023035 2.335278 3.404185
3.039213 1.047078 -0.206038
3.055680 1.847711 -0.536349
3.072009 1.357217 0.320660
3.088493 0.745111 1.798749
3.104887 0.389395 1.097001
3.121271 -1.474291 0.765940
3.137784 -3.187911 0.290185
3.154191 -3.419134 -2.672125
3.170571 -2.296388 -4.371107
3.187237 -1.588139 -4.365150
3.203723 -0.051629 -2.731801
3.220099 1.976040 0.429360
3.236649 5.238730 5.281033
3.253357 5.146239 9.126500
3.269390 4.171085 11.097913
3.286155 3.741680 8.226249
3.302431 2.997302 3.497483
3.318563 1.430302 -1.258666
3.335283 -1.159254 -4.910311
3.351331 -2.376090 -6.791254
3.367606 -3.516092 -8.321435
3.384462 -3.016703 -6.315143
3.401129 -3.723943 -3.135588
3.417256 -3.298613 1.475872
3.433951 -0.629749 2.774605
3.450104 0.886126 6.043861
3.466698 1.371429 8.463676
3.483130 0.369689 5.742656
3.499676 -0.477139 0.522006
3.515712 -0.997331 -3.673867
3.532538 -0.888443 -4.983416
3.548592 -0.925509 -5.581389
3.565459 0.111082 -4.836874
3.581631 1.382740 -2.886659
3.598174 1.278743 1.202349
3.614526 1.428887 2.639218
3.631095 1.408192 2.480957
3.647319 1.590764 3.248621
3.663952 2.082660 2.955900
3.680219 0.290974 0.580795
3.696857 -0.448952 0.521946
3.713129 -0.407922 2.348911
3.729671 -0.214899 3.172719
3.745953 0.275585 1.958065
3.762326 1.041273 -1.322370
3.778660 0.435729 -1.832081
3.795128 -0.230838 -2.778447
3.811867 1.767161 7.644883
3.827904 -15.840019 -1.102611
3.844790 -7.414012 -16.067061
3.860844 11.927271 -32.429006
3.877514 31.810826 -44.450903
4.172667 46.479384 -45.914719
4.189302 50.641776 -36.210729
4.205694 42.941492 -17.380827
4.222065 26.182940 0.433259
4.238498 4.698689 9.745212
4.254880 -12.148625 -0.036910
4.271362 0.050200 -0.923638
4.287782 -0.958421 1.452963
4.304213 5.919731 -6.162660
4.320623 -0.494738 3.739677
4.337275 -16.344358 26.560157
4.353486 -32.452314 47.682703
4.370082 -43.424540 60.830773
4.386742 -45.000864 60.904664
4.403214 -37.568993 48.619016
4.419379 -21.880588 27.501472
4.436193 -4.536411 4.510511
4.452332 7.140864 -12.616138
4.468821 1.566894 -6.784691
4.485190 0.603030 -3.514093
4.501763 0.219309 -1.767043
4.518027 0.802645 2.252115
4.534616 2.004234 3.971599
4.550935 -6.346977 3.798016
4.567489 -2.922357 3.040496
4.583338 18.535680 -1.035464
4.600285 39.669151 -5.706306
4.616682 62.998105 -6.807808
4.632626 76.934044 -3.836618
4.649476 76.070671 -0.298934
4.665638 58.761451 3.252070
4.682373 30.364415 5.095118
4.698540 3.853790 5.885452
4.715386 -1.104390 5.071669
4.731606 -2.771241 1.331548
4.748303 -6.951509 -0.719375
4.764459 -1.629628 -0.125020
4.781007 -0.829731 -0.191564
4.797296 0.268044 -0.053677
4.813937 -0.337667 -0.000000
4.830080 0.302429 -0.000000
4.846752 0.877531 -0.000000
4.863038 1.499647 -0.000000
4.879428 1.016122 -0.000000
4.895972 0.066748 -0.000000
4.912264 24.061329 15.423643
4.928856 1.288502 0.308486
4.945353 -40.551273 -27.040435
4.961142 -80.785329 -52.879233
4.978002 -103.879136 -68.068296
