0.000000 802.406400 0.000000
0.016613 800.365440 0.000000
0.032837 800.711040 0.000000
0.049563 780.126720 0.000000
0.065885 779.337600 1.933200
0.082557 783.118080 50.144400
0.099237 811.779840 107.373600
0.115387 789.565440 87.836400
0.132049 787.760640 64.756800
0.148314 813.194880 0.000000
0.164623 788.862720 44.917200
0.181161 788.862720 44.917200
0.197813 820.561920 103.442400
0.214078 838.122240 92.372400
0.230541 837.809280 79.293600
0.247054 811.704960 61.095600
0.263430 809.598720 9.655200
0.279925 806.574720 0.000000
0.295957 1022.467200 0.000000
0.312205 1017.813120 0.000000
0.328860 1016.753280 0.000000
0.345547 1012.984320 0.000000
0.361383 1005.630720 0.000000
0.378364 1004.451840 0.000000
0.394633 1009.528320 0.000000
0.411296 999.473280 0.000000
0.427546 999.473280 0.000000
0.444168 998.545920 0.000000
0.460338 988.080000 0.000000
0.476959 988.955520 0.000000
0.493315 948.583680 0.000000
0.509915 962.722560 0.000000
0.526185 962.839680 0.000000
0.542534 1017.217920 0.000000
0.559116 991.827840 0.000000
0.575257 991.407360 0.000000
0.591965 967.960320 0.000000
0.607961 977.819520 0.000000
0.624843 977.518080 0.000000
0.640987 1365.248640 385.138800
0.657713 1478.248320 571.968000
0.674025 1475.495040 579.312000
0.690495 1472.968320 695.530800
0.706754 1472.881920 711.504000
0.723407 1476.251520 704.365200
0.739809 1491.154560 713.458800
0.756278 1481.153280 667.418400
0.772530 1481.153280 667.418400
0.788990 1486.154880 675.810000
0.805429 1470.689280 672.364800
0.822077 1462.135680 700.207200
0.838379 1678.481280 1068.282000
0.854688 1694.551680 1048.734000
0.871365 1710.395520 1022.630400
0.887462 1706.981760 1007.791200
0.904151 1696.193280 980.856000
0.920268 1691.256960 987.606000
0.936757 1692.197760 1033.970400
0.953150 1670.899200 1026.334800
0.969901 1662.950400 1040.094000
0.985962 1651.989120 1054.846800
1.002395 1677.519360 1080.000000
1.018650 1682.605440 1074.211200
1.035272 1664.547840 1080.000000
1.051589 1658.511360 1027.058400
1.067854 1680.888960 990.576000
1.084414 1716.842880 965.995200
1.100836 1738.356480 973.609200
1.117229 1729.845120 984.052800
1.133650 1686.040320 969.688800
1.150207 1650.497280 1042.513200
1.166598 1617.742080 1080.000000
1.183220 1617.471360 1080.000000
1.199451 1599.089280 1080.000000
1.215803 1603.754880 1080.000000
1.232434 1612.298880 1080.000000
1.249250 1601.725440 1062.363600
1.265342 1611.411840 1042.761600
1.281581 1667.270400 1080.000000
1.298322 1661.124480 1080.000000
1.314861 1665.413760 1080.000000
1.331134 1752.731520 1080.000000
1.347694 1772.818560 1080.000000
1.364007 1781.783040 1080.000000
1.380452 1771.230720 1080.000000
1.396821 1781.404800 1079.406000
1.413469 1767.786240 1080.000000
1.429821 1746.001920 1080.000000
1.446283 1740.418560 1080.000000
1.462618 1728.420480 1080.000000
1.478737 1705.330560 1080.000000
1.495682 1721.356800 1080.000000
1.511630 1738.279680 1080.000000
1.528445 1755.905280 1080.000000
1.544632 1786.869120 1080.000000
1.561238 1795.315200 1080.000000
1.577608 1762.310400 1061.553600
1.593946 1784.321280 1034.845200
1.610155 1784.321280 1034.845200
1.626392 1768.293120 1058.562000
1.643300 1766.198400 1080.000000
1.659917 1772.678400 1080.000000
1.675992 1784.384640 1014.314400
1.692687 1799.894400 1027.296000
1.709018 1795.714560 1031.410800
1.725405 1762.385280 1080.000000
1.741961 1765.626240 1080.000000
1.758193 1746.737280 1080.000000
1.774859 1475.569920 649.123200
1.790952 1198.982400 89.575200
1.807673 1199.339520 79.563600
1.824009 995.036160 0.000000
1.840568 1006.581120 0.000000
1.856762 1005.943680 0.000000
1.873341 1020.641280 0.000000
1.889650 1031.268480 0.000000
1.906268 1031.268480 0.000000
1.922503 1047.448320 0.000000
1.939169 994.527360 0.000000
1.955444 995.781120 0.000000
1.971776 1014.053760 0.000000
1.988360 993.361920 0.000000
2.004912 993.824640 0.000000
2.021098 996.967680 0.000000
2.037268 995.283840 0.000000
2.053676 994.440960 0.000000
2.070209 957.548160 0.000000
2.086814 960.831360 0.000000
2.103021 961.251840 0.000000
2.119780 958.346880 0.000000
2.135907 965.541120 0.000000
2.152653 964.913280 0.000000
2.168728 951.803520 0.000000
2.185192 939.037440 0.000000
2.201713 939.565440 0.000000
2.514171 1000.909440 0.000000
2.530179 973.489920 0.000000
2.546992 973.186560 0.000000
2.563276 1028.309760 0.000000
2.579628 1012.909440 0.000000
2.596243 1011.202560 0.000000
2.612713 765.838080 0.000000
2.628806 421.253760 323.708400
2.645494 424.492800 332.478000
2.661734 69.820800 822.376800
2.678399 92.522880 801.176400
2.694601 67.347840 760.676400
2.711298 52.120320 630.871200
2.727492 0.000000 585.122400
2.744023 0.000000 600.717600
2.760437 45.575040 665.496000
2.776680 101.043840 775.958400
2.793282 141.240960 841.168800
2.809892 169.797120 839.613600
2.826186 151.274880 842.853600
2.842179 142.440960 828.349200
2.858641 163.338240 822.506400
2.875301 115.115520 906.606000
2.891501 106.206720 893.332800
2.908124 127.687680 781.660800
2.924790 107.393280 788.540400
2.941114 116.315520 802.915200
2.957744 161.988480 875.728800
2.973973 158.327040 840.510000
2.990496 166.978560 854.841600
3.006788 154.007040 805.291200
3.023428 163.230720 822.700800
3.039681 154.546560 808.023600
3.056241 145.042560 852.422400
3.072504 126.564480 836.384400
3.089142 126.564480 836.384400
3.105449 146.478720 790.948800
3.121843 145.009920 765.396000
3.138428 145.009920 765.396000
3.154637 156.706560 890.146800
3.171360 159.557760 880.448400
3.187439 137.126400 843.004800
3.203988 89.185920 774.079200
3.220315 50.693760 701.395200
3.236604 41.103360 686.080800
3.253040 44.785920 762.426000
3.269255 58.686720 694.882800
3.286158 69.400320 712.260000
3.302279 747.131520 24.321600
3.318531 909.229440 0.000000
3.335056 909.229440 0.000000
3.351484 966.685440 0.000000
3.367946 953.477760 0.000000
3.384353 953.477760 0.000000
3.400834 948.973440 0.000000
3.417347 940.657920 0.000000
3.433594 940.193280 0.000000
3.450071 946.035840 0.000000
3.466540 917.016960 0.000000
3.483207 917.362560 0.000000
3.499529 976.416000 0.000000
3.516042 951.133440 0.000000
3.532557 951.684480 0.000000
3.549149 982.160640 0.000000
3.565394 972.679680 0.000000
3.582022 973.186560 0.000000
3.598380 970.120320 0.000000
3.614563 942.460800 0.000000
3.631217 942.115200 0.000000
3.647310 982.496640 0.000000
3.664223 927.816960 0.000000
3.680208 929.241600 0.000000
3.696418 959.978880 0.000000
3.713094 993.436800 0.000000
3.729792 993.598080 0.000000
3.746083 960.485760 0.000000
3.762628 965.735040 0.000000
3.779026 965.011200 0.000000
3.795592 994.462080 0.000000
3.811802 956.058240 0.000000
3.828347 956.004480 0.000000
3.844738 943.196160 0.000000
3.861235 946.348800 0.000000
3.877588 946.348800 0.000000
3.894183 951.759360 0.000000
3.910568 945.895680 0.000000
3.926686 946.369920 0.000000
3.943318 988.306560 0.000000
3.959559 1013.535360 0.000000
3.976407 1013.243520 0.000000
