0.000000 61.741412 0.000000
0.016443 49.642349 0.000000
0.032860 26.669754 0.000000
0.049199 1.236687 0.000000
0.065796 -13.892048 0.000000
0.082120 -2.518051 0.000000
0.098302 -3.354403 0.000000
0.114999 -1.949595 0.000000
0.131424 -0.434748 0.000000
0.147810 2.161584 0.000000
0.164233 3.058891 0.000000
0.180663 2.321948 0.000000
0.197157 0.919537 0.000000
0.213564 0.439003 0.000000
0.230203 -0.882261 0.000000
0.246597 -2.074785 0.000000
0.263042 -2.027630 0.000000
0.279550 -0.386227 0.000000
0.296222 0.939688 0.000000
0.312437 1.066493 0.000000
0.328964 0.650429 0.000000
0.345362 -0.469166 0.000000
0.361982 -0.411922 0.000000
0.378295 -1.792502 0.000000
0.394292 2.649869 -4.555702
0.411207 1.056052 -6.227934
0.427166 -9.142329 7.631508
0.443807 -21.025621 24.170318
0.460234 -29.950051 41.671458
0.476507 -33.423390 52.184987
0.493055 -29.143302 51.858053
0.509635 -19.118906 39.232812
0.525591 -8.104194 18.214711
0.542510 -0.338105 -2.105557
0.558734 -0.952175 -12.255123
0.575069 -3.517613 -8.003011
0.591767 -3.536180 -2.205663
0.608303 -3.997383 5.943737
0.624504 -5.005739 9.423811
0.640974 -5.015932 8.628633
0.657562 -5.388682 4.937958
0.673785 -4.404093 2.405708
0.690364 -2.474370 1.360341
0.706664 -0.288656 3.282448
0.723282 -0.331540 7.578896
0.739575 1.771908 5.754903
0.756182 2.850028 0.136407
0.772632 1.523286 -4.377651
0.788816 -1.667646 -7.377089
0.805337 -2.928816 -7.256441
0.821615 -2.245708 -3.993067
0.838186 0.272289 -0.015331
0.854403 1.563156 2.870722
0.871298 2.310153 3.031918
0.887267 1.542790 2.765220
0.903965 -1.022821 1.777548
0.920294 -2.979708 1.066393
0.936770 -2.452139 1.305342
0.953125 1.113968 4.194178
0.969766 3.265206 4.899942
0.985989 4.717828 2.020955
1.002563 3.004931 -0.931479
1.018954 1.742820 -2.526760
1.035353 -0.565809 -2.647740
1.051918 -1.353961 -1.824111
1.067990 -0.392191 1.457605
1.084491 0.743338 5.586395
1.100783 2.361558 5.988217
1.117387 2.877618 2.286863
1.133457 2.386436 -0.046802
1.150305 0.784181 0.187994
1.166798 0.198287 0.502674
1.182694 0.161984 1.886492
1.199421 1.101207 0.945648
1.215683 -0.757972 -0.623077
1.232089 -3.754459 -4.573942
1.248428 -6.526801 -10.505416
1.264993 -6.935253 -9.040929
1.281292 -14.989424 -0.976957
1.297866 -7.045234 1.969978
1.314230 20.627656 4.255056
1.330766 45.924247 1.752526
1.347144 70.870186 -0.887278
1.363608 80.690755 -0.811811
1.380106 73.271037 0.879371
1.396649 52.075224 4.275962
1.412975 23.041484 9.155472
1.429671 -2.116547 8.394963
1.446073 -3.354686 1.766361
1.462539 -2.798943 0.522868
1.478831 -4.669872 -1.702285
1.495010 1.631865 -0.087918
1.511198 0.891548 -0.000000
1.527950 0.506014 -0.000000
1.544700 0.907145 -0.000000
1.560796 -0.145124 -0.000000
1.577642 -1.303668 -0.000000
1.593785 -0.617528 -0.000000
1.610342 -0.559459 -0.000000
1.626619 0.560432 -0.000000
1.643314 1.914016 -0.000000
1.659520 1.604987 -0.000000
1.675922 0.108470 -0.000000
1.692352 -0.027128 -0.000000
1.708952 -0.398038 -0.000000
1.725259 0.123532 -0.000000
1.741784 0.682210 -0.000000
1.758249 -0.004399 0.420620
1.774604 0.012214 -0.412208
1.791117 0.761119 -0.421682
1.807570 0.757296 -0.917164
1.823906 -0.084895 -0.480693
1.840161 1.159841 -1.331946
1.856980 1.107211 -1.169277
1.872786 0.565205 -0.083701
1.889197 0.473578 0.124681
1.905855 0.841529 0.451623
1.922575 8.156439 14.056155
1.938757 2.646164 3.197148
1.955056 -13.545497 -23.109627
1.971980 -28.728947 -49.152319
1.988083 -39.200758 -66.404122
2.004641 -41.689706 -67.461181
2.021025 -34.250216 -54.246534
2.037537 -19.545670 -30.280761
2.053713 -4.373390 -2.757168
2.070461 5.003089 13.729654
2.086767 0.696573 1.728753
2.103188 -0.636704 0.000000
2.119239 -1.148488 0.000000
2.135929 -1.440008 0.000000
2.152522 -0.330027 0.000000
2.168970 -0.546056 0.000000
2.185418 -1.182393 0.000000
2.201587 -0.535587 0.000000
2.218165 2.765159 0.000000
2.234269 3.760275 0.000000
2.251163 1.632153 0.000000
2.267374 -1.180619 0.000000
2.283909 -1.688658 0.000000
2.300162 -2.219071 0.000000
2.316736 -0.661714 0.000000
2.332938 1.368307 0.000000
2.349114 2.446310 0.000000
2.365776 0.753630 0.000000
2.382123 -3.211522 0.000000
2.398658 -3.487543 0.000000
2.414928 -1.904049 0.000000
2.431361 1.741153 0.000000
2.447714 3.158524 0.000000
2.464257 2.766376 0.000000
2.480715 2.261772 0.000000
2.497176 0.309623 0.000000
2.513582 -2.259292 0.000000
2.530148 -2.495089 0.000000
2.546535 -1.237622 0.000000
2.562995 0.487489 0.000000
2.579527 1.547956 0.000000
2.595875 0.059151 0.000000
2.612382 -1.894521 0.000000
2.628932 -3.744082 0.000000
2.645268 -6.590804 0.000000
2.661762 -6.572747 0.000000
2.677782 -3.774693 0.000000
2.694714 -0.984831 0.000000
2.710998 1.238568 0.000000
2.727066 1.556001 0.000000
2.743913 0.274950 0.000000
2.760339 -0.383457 0.000000
2.776607 -1.074876 0.000000
2.793077 -1.234094 0.000000
2.809636 -1.182196 0.000000
2.825715 -0.981653 0.000000
2.842496 -0.085070 0.000000
2.858756 1.205986 0.000000
2.875314 2.154489 0.000000
2.891624 1.595485 0.000000
2.908247 0.819918 0.000000
2.924441 -0.857605 0.000000
2.941095 -1.611139 0.000000
2.957341 -1.451781 0.000000
2.974010 -0.698040 0.000000
2.990205 0.823891 0.000000
3.006809 1.643337 0.000000
3.023233 1.286539 0.000000
3.039659 0.690502 0.000000
3.055405 0.879368 0.000000
3.071974 0.447685 0.000000
3.088919 0.050196 0.000000
3.104970 -1.118823 0.000000
3.121739 -2.311082 0.000000
3.137886 -2.582190 0.000000
3.154680 -1.949803 0.000000
3.170973 -0.873551 0.000000
3.187485 0.179091 0.000000
3.203744 -0.144729 0.000000
3.220406 -0.843699 0.000000
3.236596 -0.799547 0.000000
3.253216 -0.063951 0.000000
3.269473 0.919806 0.000000
3.286116 1.671456 0.000000
3.302371 1.368169 0.000000
3.318941 1.378433 0.000000
3.335275 0.407991 0.000000
3.351433 -0.561075 0.000000
3.368132 -0.911602 0.000000
3.384266 -0.498509 0.000000
3.400965 -0.196411 0.000000
3.417114 1.184122 0.000000
3.433560 2.156150 0.000000
3.450048 3.395766 0.000000
3.466581 3.133367 0.000000
3.482902 0.363003 0.000000
3.499676 -2.472300 0.000000
3.515897 -3.149724 0.000000
3.531882 -2.674367 0.000000
3.548501 -2.158187 0.000000
3.564929 -0.884736 0.000000
3.581341 0.682088 0.000000
3.597749 1.168023 -1.171320
3.614117 2.606957 0.157809
3.630659 5.367784 2.896726
3.647095 8.186101 3.569650
3.663480 8.728700 3.374707
3.680138 6.803487 1.757450
3.696364 4.574704 -0.507892
3.713039 2.119316 -2.647075
3.729439 -0.318208 -4.091927
3.745893 -2.314037 -3.849775
3.762422 -2.024853 -0.478767
3.778897 -2.184389 1.361839
3.795338 -2.783015 1.916217
3.811386 -1.817231 5.137823
3.828259 0.608046 6.402108
3.844318 3.270174 5.720073
3.861212 2.557464 3.801672
3.877276 0.312426 -0.217502
3.893409 -2.857105 -4.971154
3.910183 -4.442893 -5.792237
3.926746 -3.583169 -4.607757
3.942582 -1.015485 -1.548375
3.959617 2.160304 2.804634
3.975949 3.016508 5.506418
3.992539 1.926418 7.007631
4.008814 -0.336359 6.418861
4.024964 -0.954792 1.303364
4.041652 -0.251787 -4.573946
4.058262 0.924958 -6.056973
4.074362 1.155124 -5.759495
4.091099 0.186305 -1.416980
4.107507 -0.446694 2.785996
4.123642 -0.882952 6.551915
4.140350 -0.530939 7.078826
4.156480 0.498675 4.999465
4.173185 0.441394 -1.236534
4.189500 -0.267166 -5.888533
4.206024 -1.129557 -7.079828
4.222327 -0.518599 -7.618480
4.238937 0.392829 -6.320118
4.255177 2.368794 -4.768867
4.271282 1.733980 -0.841034
4.287986 0.264652 2.417426
4.304621 -1.527097 5.201551
4.320628 -2.036076 4.887653
4.337472 -1.317000 4.173828
4.353914 0.373329 0.967838
4.370448 0.845716 -2.555680
4.386792 -0.038079 -4.737988
4.402784 -0.876739 -2.141459
4.419609 -1.728065 3.378334
4.435684 -0.771742 8.882013
4.452467 0.565601 9.860154
4.468809 2.150704 7.314827
4.485360 3.079143 2.206007
4.501528 2.293567 -5.148835
4.518038 0.146668 -10.085484
4.534450 -1.351728 -10.319299
4.550890 -1.751886 -5.643060
4.567106 -1.793302 -0.887556
4.583767 -1.957895 4.042353
4.599735 -1.105704 8.776220
4.616534 0.169302 12.074531
4.633116 0.664190 10.351157
4.649026 0.452562 4.151274
4.665664 0.164578 -2.115201
4.682011 -0.066112 -8.010174
4.698511 0.360838 -10.056450
4.714918 0.031739 -8.881720
4.731241 -0.865245 -4.361288
4.747778 -1.049715 -0.433528
4.764149 -1.513726 2.574464
4.780648 -1.806311 4.876040
4.797052 0.183260 5.610109
4.813512 1.329602 4.414337
4.830088 1.301046 1.067845
4.846527 1.368093 0.482105
4.863214 0.645176 -0.309674
4.879454 0.689917 -0.685719
4.895997 1.219827 0.999341
4.912298 1.199954 6.171265
4.928769 15.008733 15.212464
4.945205 1.562633 11.920226
4.961717 -24.796875 1.662281
4.978163 -48.679792 -8.925213
4.994417 -61.863730 -16.030785
