0.000000 103.834027 52.065652
0.015881 80.851768 40.186321
0.032493 42.335264 20.337652
0.049002 0.214463 -1.324518
0.065433 -23.639798 -11.684208
0.082237 -1.071735 3.040137
0.098538 -1.654301 3.825195
0.114942 -1.333712 3.218808
0.131468 2.642846 9.430294
0.148000 2.703406 6.442211
0.164394 -7.808222 -12.174425
0.180599 -22.102562 -32.562401
0.197194 -33.526116 -48.011472
0.213447 -37.588800 -52.722272
0.229589 -34.411274 -46.875910
0.246283 -23.121242 -31.680719
0.262964 -7.365278 -12.543946
0.279208 5.954862 3.120531
0.295900 6.899461 2.003504
0.312092 2.221157 -0.670223
0.328483 1.318808 0.878808
0.344750 0.089348 0.297380
0.361225 -1.734333 0.000000
0.377745 -2.298601 0.000000
0.393952 0.586092 0.000000
0.410555 -0.679064 0.000000
0.427081 0.784174 -10.527335
0.443131 -6.832938 -0.837085
0.459937 -16.571063 18.522067
0.476246 -18.997640 33.866568
0.492399 -26.710958 48.485995
0.804994 -32.421899 55.003032
0.821510 -32.625029 51.750735
0.837977 -29.046520 34.200759
0.854307 -23.283426 10.895017
0.870747 -13.514118 -7.184321
0.886968 -8.758363 -2.477929
0.903174 0.212450 -5.742319
0.919857 4.727900 -7.140853
0.936564 -0.187615 1.157255
0.952740 0.866240 6.293317
0.969398 1.647671 8.806751
0.985499 1.742990 7.147454
1.002222 2.213449 5.162713
1.018501 1.674639 2.198586
1.035086 0.169041 -1.424678
1.051296 -1.167683 -4.828219
1.067799 -1.317738 -5.105342
1.084245 -0.617070 -2.043739
1.100622 -0.312620 -1.048608
1.117120 -0.548497 -1.608305
1.133481 -2.032457 -2.130297
1.150065 -2.738261 -2.527645
1.166281 -2.183939 -0.925236
1.182865 -1.055214 1.688737
1.199058 0.781587 4.555618
1.215775 1.905520 4.998046
1.231740 2.175110 3.753759
1.248646 1.885757 0.489124
1.264911 1.544000 -2.296980
1.280861 0.290033 -3.187546
1.297816 -0.013068 -2.998782
1.314382 -0.694601 -1.573877
1.330635 -0.927043 -0.669989
1.347118 -0.534036 -1.184218
1.363527 -0.126133 -2.068047
1.380089 0.332122 -2.659420
1.396446 0.954420 -2.585310
1.412946 1.465679 -1.766802
1.429305 0.976317 1.817944
1.445378 0.347016 3.379430
1.462246 -0.368068 2.401908
1.478394 -0.425968 0.981756
1.495137 -0.496818 0.350431
1.511279 -0.041853 1.330874
1.527694 0.481378 2.440762
1.544214 1.324279 3.460147
1.560404 1.377091 2.977718
1.577001 0.955682 3.070355
1.593522 0.293717 0.273901
1.609521 -0.360299 -0.840744
1.626127 -0.846111 -0.623172
1.642421 -1.499500 -0.808660
1.658832 -1.913387 -0.112971
1.675292 -1.508724 -1.137295
1.691747 -0.651975 -1.588594
1.708074 0.055891 -2.250122
1.724609 0.557638 -1.372322
1.741243 0.268015 -1.623927
1.757514 -0.611347 -1.799598
1.773882 -0.338655 -1.453157
1.790232 0.342648 0.627656
1.806928 1.474736 3.311773
1.823483 2.498986 3.201853
1.839852 2.661903 3.625246
1.856677 2.038415 2.961427
1.872672 1.631282 1.654370
1.889372 -0.539152 -1.211316
1.905631 -3.169965 -3.504933
1.922197 -3.778546 -4.502484
1.938454 -3.642759 -1.932783
1.955020 -1.910634 2.654150
1.971269 -0.165014 4.206138
1.987800 1.609127 4.773216
2.004177 1.754619 2.717184
2.020821 1.797598 -1.220322
2.036733 -0.116325 -5.509539
2.053671 -1.039631 -8.191839
2.069954 -0.379447 -7.047061
2.086538 -0.078051 -3.398515
2.102821 0.238751 -0.690251
2.119131 -0.132357 0.099587
2.135884 0.058126 1.915035
2.152297 0.446189 2.069712
2.168649 0.646810 2.489131
2.184816 -0.409367 1.851388
2.201290 -1.342993 0.347025
2.217770 -2.085411 -1.269274
2.234325 -2.326534 -2.545588
2.250542 -1.731275 -2.271941
2.267160 0.855422 0.471074
2.283512 3.653536 3.654103
2.299904 5.599614 6.563339
2.316399 5.416178 8.253310
2.332755 3.998162 6.348774
2.349372 1.408572 3.258062
2.365515 -0.683677 0.196607
2.382042 -2.156985 -1.176915
2.398469 -2.762056 0.051890
2.415089 -2.446990 -0.351890
2.431404 -1.927112 -1.790983
2.448006 -1.442340 -3.211599
2.464401 1.481608 -4.300550
2.480557 3.310891 -3.008573
2.496796 -5.219599 13.041316
2.513340 1.316532 2.835135
2.530152 15.817797 -20.494859
2.546249 30.308994 -44.969688
2.562929 40.060244 -62.743682
2.579180 42.464704 -64.348912
2.595773 35.199413 -51.433344
2.612095 22.702317 -27.248340
2.628596 4.813816 -0.655975
2.644927 -6.149472 13.909366
2.661343 0.173070 0.681754
2.677727 -0.142560 0.000000
2.693910 -0.971316 0.000000
2.710631 -1.559515 0.000000
2.726851 -1.397164 0.000000
2.743059 -0.333478 0.000000
2.760010 1.223891 0.000000
2.776150 1.160665 0.000000
2.792804 1.030387 0.000000
2.808852 0.402395 0.000000
2.825153 -0.023248 0.000000
2.841750 -0.695861 0.000000
2.858186 -1.416428 0.000000
2.874538 -0.892743 0.000000
2.891082 -0.662826 0.000000
2.907532 -1.549167 0.000000
2.923969 -0.289816 0.000000
2.940573 -7.274423 -10.164576
2.956952 2.135546 -5.462795
2.973428 20.773264 17.716044
2.990025 38.749773 44.452481
3.006530 48.340811 63.160081
3.022899 48.102345 67.442440
3.039397 38.189440 56.691612
3.055810 20.965676 32.812689
3.071795 2.637092 4.928862
3.088719 -11.096700 -13.792877
3.104878 -5.018408 -6.603547
3.121454 -4.127853 1.352735
3.137793 -3.751550 3.471325
3.154025 -2.612931 3.916019
3.170401 -0.910254 3.292257
3.187226 0.225920 1.972656
3.203401 -1.054248 0.246968
3.219947 -2.741433 -0.151312
3.236249 -3.394643 -0.195334
3.252904 -2.049555 -2.209866
3.269270 0.140582 -2.757130
3.285940 1.722124 -2.091104
3.302047 2.816631 -0.711471
3.318606 2.511767 0.882086
3.334915 2.083873 2.189878
3.351095 -0.374922 2.712221
3.367685 -1.672404 1.949435
3.384127 -2.126572 0.429665
3.400735 -2.024950 -0.951370
3.417017 -1.214844 -0.000000
3.433649 -0.893917 -0.000000
3.449815 0.500495 -0.000000
3.466388 1.258969 -0.000000
3.482442 1.613675 -0.000000
3.499095 1.406624 -0.000000
3.515596 1.222853 -0.000000
3.531764 0.441133 -0.000000
3.548565 -0.669732 -0.000000
3.565045 -1.011522 -0.000000
3.581274 -1.023748 -0.000000
3.597900 -0.207844 -0.000000
3.614262 -0.240949 -0.000000
3.630467 -0.737506 -0.000000
3.647181 -0.493657 -0.000000
3.663378 0.249948 -0.000000
3.680004 1.515862 -0.000000
3.696196 2.704167 -0.000000
3.712980 2.370986 -0.000000
3.729149 0.676546 -0.000000
3.745688 -0.746806 -0.000000
3.761719 -2.056048 0.113986
3.778603 -1.678128 0.062897
3.794911 -0.234784 -0.105171
3.811199 1.385273 -0.174095
3.827713 2.672255 -0.409479
3.844060 3.035170 -1.621845
3.860205 2.124873 -2.657450
3.877097 2.195741 -3.682935
3.893509 2.533818 -4.794250
3.909409 2.165341 -5.206088
3.926133 1.229259 -4.096218
3.942472 -0.820175 -1.446899
3.958858 -1.712417 2.157773
3.975275 -3.023048 4.858941
3.991692 -3.799746 5.999933
4.008093 -3.334748 5.963837
4.024521 -2.089458 4.045372
4.041054 -1.337340 1.653668
4.057556 -1.091265 0.107650
4.073997 -0.959409 -0.407504
4.090364 -1.416589 -0.362162
4.106791 -0.959312 -0.000000
4.123444 0.392550 -0.000000
4.140031 1.184505 -0.000000
4.156116 1.664752 -0.000000
4.172867 1.700565 -0.000000
4.189079 1.289358 -0.000000
4.205832 1.292123 -0.000000
4.222074 1.080278 -0.000000
4.238677 1.107448 -0.000000
4.254859 0.246292 -0.000000
4.271140 -2.028011 -0.000000
4.287721 -4.831250 -0.000000
4.304235 -4.941623 -0.000000
4.320781 -4.296500 -0.000000
4.337036 -1.961723 -0.000000
4.353735 1.140196 -0.000000
4.369645 3.573721 -0.000000
4.386447 4.190651 -0.000000
4.402562 2.257998 -0.000000
4.419394 0.756051 -0.000000
4.435700 -0.586648 -0.000000
4.452202 -1.515176 -0.000000
4.468494 -1.452817 0.135734
4.485014 -0.534063 0.133513
4.501452 0.672453 -0.248018
4.517457 2.115150 -0.949036
4.534323 1.974568 -0.741053
4.550699 0.922978 -0.972833
4.567146 -1.192294 -0.630800
4.583353 -3.134448 0.004364
4.599949 -2.990613 0.651974
4.616280 -1.488815 1.031347
4.632901 0.886447 0.861798
4.649158 2.145856 0.468469
4.665799 1.894337 0.260341
4.682027 -0.006439 0.284177
4.698552 -1.756272 -0.289977
4.714931 -2.329459 0.748849
4.731444 -2.090254 -0.068160
4.747511 0.135627 -1.623901
4.764125 1.622610 -2.785423
4.780654 2.771656 -2.139800
4.796607 1.626026 -1.328677
4.813618 0.417408 -0.489713
4.829749 -1.042251 0.857906
4.846449 -1.944259 2.006747
4.862588 -2.037036 2.327584
4.879222 -2.590829 1.335429
4.895572 -1.427783 0.914003
4.912225 -0.376593 -1.197321
4.928468 25.289156 13.211395
4.944847 1.923412 -2.415312
4.961349 -40.562740 -28.597843
4.977816 -80.923733 -52.419915
4.993970 -105.070818 -66.006682
