0.000000 4.055001
0.016378 4.036081
0.033274 4.017167
0.049491 3.998267
0.066113 3.979385
0.082445 3.960529
0.098924 3.941707
0.115073 3.922924
0.131712 3.904189
0.148199 3.885510
0.164640 3.866897
0.181033 3.848358
0.197573 3.829905
0.213952 3.811551
0.230197 3.793307
0.246902 3.775189
0.262918 3.757213
0.279618 3.739397
0.295862 3.721760
0.312626 3.704324
0.328828 3.687112
0.345396 3.670150
0.361428 3.653465
0.378321 3.637084
0.394503 3.621037
0.411175 3.605356
0.427494 3.590072
0.444038 3.575219
0.460301 3.560828
0.476820 3.546933
0.493157 3.533568
0.509309 3.520766
0.526160 3.508558
0.542574 3.496978
0.558434 3.486055
0.575252 3.475821
0.591909 3.466305
0.608129 3.457533
0.624674 3.449531
0.640979 3.442325
0.657521 3.435934
0.673586 3.430380
0.690453 3.425679
0.706618 3.421848
0.723157 3.418897
0.739610 3.416837
0.756073 3.415675
0.772330 3.415415
0.788883 3.416057
0.805445 3.417599
0.821718 3.420035
0.837972 3.423356
0.854385 3.427548
0.870599 3.432597
0.886959 3.438481
0.903567 3.445178
0.919946 3.452660
0.936309 3.460899
0.952875 3.469860
0.969316 3.479508
0.985594 3.489801
1.002390 3.500699
1.018657 3.512155
1.035198 3.524121
1.051698 3.536548
1.068314 3.549382
1.084716 3.562570
1.101104 3.576054
1.117568 3.589777
1.133697 3.603681
1.150412 3.617706
1.166716 3.631791
1.183241 3.645878
1.199485 3.659905
1.216126 3.673813
1.232351 3.687546
1.249026 3.701046
1.265077 3.714260
1.281879 3.727135
1.298168 3.739622
1.314634 3.751676
1.330810 3.763253
1.347532 3.774316
1.363952 3.784830
1.380187 3.794763
1.396548 3.804091
1.412979 3.812791
1.429791 3.820847
1.445700 3.828244
1.462534 3.834976
1.478692 3.841039
1.495300 3.846433
1.511609 3.851164
1.528216 3.855241
1.544798 3.858679
1.560762 3.861495
1.577513 3.863712
1.593771 3.865354
1.609899 3.866451
1.626340 3.867036
1.642818 3.867144
1.659493 3.866812
1.676093 3.866082
1.692451 3.864996
1.708940 3.863597
1.725319 3.861930
1.741844 3.860042
1.758287 3.857979
1.774755 3.855787
1.791141 3.853514
1.807435 3.851205
1.823443 3.848905
1.839928 3.846660
1.856798 3.844512
1.872911 3.842503
1.889349 3.840673
1.905643 3.839061
1.921982 3.837703
1.938567 3.836634
1.955450 3.835885
1.971183 3.835487
1.988071 3.835467
2.004375 3.835851
2.020626 3.836662
2.037118 3.837918
2.053493 3.839639
2.069970 3.841838
2.086311 3.844529
2.102725 3.847720
2.119221 3.851419
2.135724 3.855629
2.152000 3.860352
2.168608 3.865587
2.185292 3.871329
2.201853 3.877571
2.218021 3.884304
2.234842 3.891516
2.250896 3.899191
2.267624 3.907313
2.283849 3.915862
2.300396 3.924815
2.316701 3.934148
2.332616 3.943835
2.349174 3.953847
2.365980 3.964154
2.382523 3.974724
2.398921 3.985523
2.415408 3.996517
2.431537 4.007670
2.447944 4.018945
2.464495 4.030305
2.480665 4.041713
2.497310 4.053132
2.513944 4.064524
2.529884 4.075853
2.546875 4.087084
2.563151 4.098181
2.579634 4.109110
2.595945 4.119838
2.612498 4.130335
2.628823 4.140570
2.645359 4.150514
2.661646 4.160142
2.678152 4.169427
2.694624 4.178348
2.710871 4.186883
2.727511 4.195012
2.743717 4.202718
2.760330 4.209987
2.776641 4.216805
2.793270 4.223161
2.809534 4.229045
2.826081 4.234452
2.842354 4.239376
2.859024 4.243813
2.875187 4.247764
2.891797 4.251228
2.907881 4.254210
2.924748 4.256712
2.940828 4.258743
2.957363 4.260308
2.973692 4.261417
2.990341 4.262082
3.006973 4.262313
3.023030 4.262123
3.039442 4.261527
3.055894 4.260540
3.072545 4.259177
3.088792 4.257454
3.105277 4.255390
3.121701 4.253001
3.137659 4.250306
3.154323 4.247323
3.170625 4.244071
3.186875 4.240570
3.203465 4.236838
3.219918 4.232895
3.236348 4.228762
3.252835 4.224458
3.269168 4.220005
3.285800 4.215422
3.302197 4.210731
3.318769 4.205952
3.334886 4.201107
3.351842 4.196216
3.368041 4.191301
3.384609 4.186383
3.400939 4.181481
3.417166 4.176617
3.433718 4.171809
3.450376 4.167076
3.466732 4.162439
3.483094 4.157914
3.499495 4.153520
3.515756 4.149272
3.532489 4.145186
3.548894 4.141279
3.565295 4.137563
3.581803 4.134052
3.597929 4.130757
3.614645 4.127689
3.631132 4.124858
3.647180 4.122272
3.663958 4.119936
3.680168 4.117858
3.696761 4.116041
3.712992 4.114487
3.729447 4.113197
3.745617 4.112171
3.762399 4.111408
3.778800 4.110902
3.794805 4.110650
3.811635 4.110645
3.828222 4.110878
3.844550 4.111339
3.860888 4.112017
3.877480 4.112898
3.893909 4.113969
3.910499 4.115212
3.926724 4.116611
3.943250 4.118145
3.959488 4.119796
3.976092 4.121541
3.992253 4.123358
4.008997 4.125222
4.025135 4.127108
4.041633 4.128990
4.058086 4.130842
4.074534 4.132636
4.287861 4.134343
4.304471 4.135934
4.320657 4.137381
4.336998 4.138655
4.353309 4.139726
4.369842 4.140566
4.386305 4.141146
4.402671 4.141440
4.419253 4.141419
4.435873 4.141060
4.452313 4.140337
4.468724 4.139227
4.485094 4.137710
4.501851 4.135765
4.518035 4.133373
4.534723 4.130520
4.550619 4.127192
4.566904 4.123375
4.583413 4.119062
4.600338 4.114243
4.616543 4.108916
4.633206 4.103077
4.649569 4.096726
4.666168 4.089867
4.682409 4.082504
4.699024 4.074645
4.715218 4.066300
4.731750 4.057482
4.748118 4.048205
4.764207 4.038487
4.781042 4.028347
4.797340 4.017806
4.813920 4.006887
4.830218 3.995615
4.846684 3.984017
4.863027 3.972121
4.879631 3.959957
4.895749 3.947554
4.912231 3.934946
4.928823 3.922164
4.945288 3.909243
4.961729 3.896216
4.978019 3.883120
4.994585 3.869987
